候选关键词,出现次数
十五五,8
日称,4
今年前两个月,3
以来,3
其中,3
十四五,3
同时,3
当前,3
万人次,2
万辆次,2
业体系,2
个百分点,2
习近平总书记指出,2
人死亡,2
亿美元,2
今年以来,2
以上,2
全国网络食品安全,2
台正式启用,2
合规提质系列行动,2
