date,open,high,low,close,volume,amount
2017-06-05,0.1175761448688869,0.14113803104300907,0.1175761448688869,0.14113803104300907,5300.0,62413.0
2017-06-06,0.15525183414731,0.15525183414731,0.15525183414731,0.15525183414731,4785.0,63688.3515625
2017-06-07,0.1707653532619548,0.1707653532619548,0.1707653532619548,0.1707653532619548,2044.0,29924.16015625
2017-06-08,0.1877952313878055,0.1877952313878055,0.1877952313878055,0.1877952313878055,6444.0,103748.3984375
2017-06-09,0.20657475452658602,0.20657475452658602,0.20657475452658602,0.20657475452658602,21916.0,388132.375
2017-06-12,0.2272205656791584,0.2272205656791584,0.2272205656791584,0.2272205656791584,43487.0,847126.75
2017-06-13,0.24996595084724665,0.24996595084724665,0.24996595084724665,0.24996595084724665,41608.0,891659.4375
2017-06-14,0.27492755303171273,0.27492755303171273,0.27492755303171273,0.27492755303171273,58879.0,1387778.0
2017-06-15,0.3024553012351426,0.3024553012351426,0.3024553012351426,0.3024553012351426,154052.0,3994568.25
2017-06-16,0.33266583845839826,0.33266583845839826,0.33266583845839826,0.33266583845839826,2372516.0,67664160.0
2017-06-19,0.33243255245667425,0.3659090937040657,0.3207682523704752,0.3659090937040657,22228948.0,668406656.0
2017-06-20,0.33931448950753174,0.35669429663596836,0.3325491954575363,0.34293042253425343,16723934.0,493538208.0
2017-06-21,0.33733155849287794,0.3415307065239096,0.310153739292034,0.3186686783549593,13303374.0,371330784.0
2017-06-22,0.31563596033254754,0.3505122175902829,0.3108535972972059,0.3505122175902829,21357956.0,628602176.0
2017-06-23,0.3334823394644322,0.33663170048770596,0.3155193173316856,0.3268336884152987,16981156.0,475428576.0
2017-06-26,0.3150527453282376,0.3218180393782331,0.3010555852247987,0.3140029583204797,10948374.0,291410304.0
2017-06-27,0.3126032423101358,0.31971846536271725,0.3036217312437625,0.3065378062653123,8759140.0,233229952.0
2017-06-28,0.3018720862308326,0.3032718022411765,0.2898578571420476,0.2905577151472195,8567446.0,215944352.0
2017-06-29,0.29254064616187336,0.297206366196353,0.29009114314377155,0.2906743581480815,6116224.0,153900288.0
2017-06-30,0.2882248551299797,0.30292187323859054,0.28460892210325794,0.2948735061791132,7978473.0,202291584.0
2017-07-03,0.297556295198939,0.297556295198939,0.2882248551299797,0.2942902911748032,4824080.0,120983608.0
2017-07-04,0.296739794192905,0.3087540232816901,0.2944069341756652,0.30303851623945255,8502148.0,219240144.0
2017-07-05,0.30222201523341863,0.33336569646357017,0.2995392262135928,0.33336569646357017,11799683.0,325915008.0
2017-07-06,0.34048091951615167,0.36672559471009963,0.3335989824652942,0.3662590227066516,20900396.0,624004544.0
2017-07-07,0.3512120755954548,0.3537782216144186,0.3384979885014978,0.3414140635230476,15029677.0,445414208.0
2017-07-10,0.3346487694730521,0.335348627478224,0.31820210635151136,0.3193685363601313,10372502.0,288696608.0
2017-07-11,0.3192518933592693,0.3346487694730521,0.31726896234461544,0.3193685363601313,9392632.0,262510240.0
2017-07-12,0.3117867413041019,0.33476541247391406,0.3036217312437625,0.3295164774351245,10209450.0,278163616.0
2017-07-13,0.32263454038426703,0.32660040241357474,0.3065378062653123,0.30968716728858603,7839499.0,212480624.0
2017-07-14,0.30793752227565613,0.3215847533765091,0.3073543072713462,0.3114368123015159,5281908.0,142419648.0
2017-07-17,0.29160750215497744,0.29627322218945706,0.28029313107136433,0.28029313107136433,6341084.0,155180992.0
2017-07-18,0.2700285469955091,0.2799432020687783,0.2646629689558575,0.2750441960325747,4999682.0,116916784.0
2017-07-19,0.27364448002223085,0.28110963207739825,0.26139696493172176,0.2807597030748123,5729797.0,133967720.0
2017-07-20,0.2807597030748123,0.2934737901687693,0.2777269850524005,0.27901005806188245,6627789.0,162612208.0
2017-07-21,0.2752774820342987,0.2792433440636064,0.2678123299791313,0.2750441960325747,4740476.0,110907016.0
2017-07-24,0.271544906006715,0.2821594190851562,0.26594604196533944,0.2814595610799842,4831971.0,113513600.0
2017-07-25,0.2820427760842942,0.2832092060929141,0.27434433802740277,0.2750441960325747,3211567.0,76404888.0
2017-07-26,0.2742276950265408,0.2787767720601584,0.2668791859722353,0.26792897297999324,3169374.0,73792832.0
2017-07-27,0.26594604196533944,0.28705842512135976,0.2648962549575815,0.28705842512135976,6184003.0,146714576.0
2017-07-28,0.29942258321273085,0.3088706662825521,0.2931238611661833,0.2933571471679073,12781136.0,329504896.0
2017-07-31,0.28110963207739825,0.28460892210325794,0.2750441960325747,0.28262599108860414,6829378.0,163938160.0
2017-08-01,0.28227606208601813,0.28227606208601813,0.2758606970386086,0.2791267010627444,4253053.0,101542912.0
2017-08-02,0.2791267010627444,0.27935998706446835,0.26967861799292314,0.27166154900757694,4031797.0,94494272.0
2017-08-03,0.26932868899033713,0.2776103420515385,0.26932868899033713,0.2728279790161969,2903647.0,68280432.0
2017-08-04,0.271544906006715,0.2745776240291267,0.26734575797568333,0.2674624009765453,2773096.0,64137112.0
2017-08-07,0.2676956869782693,0.2731779080187829,0.2674624009765453,0.2688621169868892,1880354.0,43462944.0
2017-08-08,0.2668791859722353,0.2702618329972331,0.2646629689558575,0.2688621169868892,2044540.0,46827948.0
2017-08-09,0.2678123299791313,0.2685121879843032,0.26571275596361543,0.2661793279670634,1377426.0,31467818.0
2017-08-10,0.2660626849662014,0.26827890198257925,0.2568478878981041,0.25894746191361995,2207532.0,49656652.0
2017-08-11,0.25778103190500007,0.25778103190500007,0.2494993788437987,0.24973266484552267,2153798.0,46923128.0
2017-08-14,0.24728316182742086,0.2554481718877602,0.24728316182742086,0.25369852687483035,1526986.0,33087016.0
2017-08-15,0.2548649568834503,0.2617468939343078,0.25439838488000227,0.25754774590327606,2025883.0,44758392.0
2017-08-16,0.2555648148886222,0.2762106260411946,0.2555648148886222,0.2701451899963711,5077863.0,116278480.0
2017-08-17,0.26734575797568333,0.29032442914549556,0.26302996694378966,0.27702712704722854,7174962.0,169228912.0
2017-08-18,0.27049511899895706,0.2729446220170589,0.2665292569696494,0.2674624009765453,3507929.0,80869400.0
2017-08-21,0.2671124719739593,0.2827426340894661,0.2633798959463756,0.2776103420515385,4805029.0,112933104.0
2017-08-22,0.2787767720601584,0.2898578571420476,0.2738777660239548,0.2832092060929141,6850731.0,164987184.0
2017-08-23,0.27947663006533036,0.2934737901687693,0.27562741103688465,0.2881082121291177,8169851.0,200874800.0
2017-08-24,0.2855420661101539,0.2979062242015249,0.27854348605843443,0.2791267010627444,8461231.0,209188672.0
2017-08-25,0.27411105202567876,0.297323009197215,0.27411105202567876,0.2912575731523914,8176359.0,202009984.0
2017-08-28,0.29324050416704533,0.30910395228427606,0.29172414515583944,0.30677109226703625,10962438.0,283924512.0
2017-08-29,0.2997725122153168,0.323217755388577,0.29837279620497287,0.3077042362739322,12361199.0,326910624.0
2017-08-30,0.3009389422239367,0.3077042362739322,0.2945235771765272,0.297206366196353,5974052.0,153587088.0
2017-08-31,0.2965065081911811,0.3269503314161607,0.2965065081911811,0.3269503314161607,11699591.0,318806208.0
2017-09-01,0.32636711641185073,0.3375648444946019,0.31271988531099776,0.3284666904273666,13291313.0,368987968.0
2017-09-04,0.3219346823790951,0.3276501894213326,0.310153739292034,0.31213667030668785,8429335.0,229781504.0
2017-09-05,0.310270382292896,0.335931842482534,0.310270382292896,0.3316160514506403,10320930.0,287321696.0
2017-09-06,0.32426754239633493,0.3275335464204706,0.31610253233599556,0.3254339724049548,6578758.0,181865712.0
2017-09-07,0.323101112387715,0.3499290025859729,0.3192518933592693,0.33126612244805437,12127523.0,348781920.0
2017-09-08,0.32660040241357474,0.33103283644633036,0.3047881612523824,0.3203016803670272,8763904.0,240143072.0
2017-09-11,0.3194851793609933,0.3252006864032308,0.3151693883290996,0.322284611381681,4615656.0,127274632.0
2017-09-12,0.32135146737478515,0.32135146737478515,0.30537137625669236,0.31073695429634396,6088989.0,162634672.0
2017-09-13,0.30793752227565613,0.3137696723187557,0.30677109226703625,0.3126032423101358,2645372.0,70550664.0
2017-09-14,0.3114368123015159,0.3142362443222037,0.3071210212696222,0.310270382292896,3004904.0,79981528.0
2017-09-15,0.31038702529375795,0.3205349663687512,0.3085207372799661,0.3133031003153077,4041743.0,108889576.0
2017-09-18,0.3085207372799661,0.3085207372799661,0.29394036217221725,0.3028052302377286,2974547.0,76941104.0
2017-09-19,0.3028052302377286,0.30898730928341406,0.3021053722325566,0.3032718022411765,1910050.0,49964528.0
2017-09-20,0.30537137625669236,0.310037096291172,0.3011722282256607,0.3087540232816901,2453248.0,64438052.0
2017-09-21,0.310270382292896,0.31901860735754534,0.30677109226703625,0.3110868832989299,4402882.0,118482232.0
2017-09-22,0.30688773526789825,0.323101112387715,0.29778958120066296,0.323101112387715,7553453.0,204829712.0
2017-09-25,0.3224012543825431,0.335931842482534,0.31971846536271725,0.3247341143997829,8387889.0,236326816.0
2017-09-26,0.3178521773489254,0.32251789738340503,0.29767293819980095,0.3049048042532444,6534041.0,172171856.0
2017-09-27,0.2988393682084209,0.3109702402980679,0.2988393682084209,0.3072376642704842,2937151.0,77259336.0
2017-09-28,0.3058379482601403,0.3168023903411675,0.30443823224979644,0.30828745127824214,3461368.0,92636864.0
2017-09-29,0.30828745127824214,0.30992045329031004,0.2987227252075589,0.3032718022411765,3220615.0,83953016.0
2017-10-09,0.30700437826876026,0.30910395228427606,0.3035050882429005,0.3060712342618643,1866190.0,49007204.0
2017-10-10,0.3060712342618643,0.3318493374523643,0.3056046622584163,0.32590054440840277,7955348.0,219165952.0
2017-10-11,0.32135146737478515,0.3240342563946109,0.3155193173316856,0.3207682523704752,5518732.0,150986992.0
2017-10-12,0.3199517513644412,0.3320826234540883,0.3199517513644412,0.3295164774351245,7074230.0,198376704.0
2017-10-13,0.32800011842391863,0.34246385053080547,0.32135146737478515,0.3384979885014978,8404801.0,239537888.0
2017-10-16,0.335231984477362,0.35214521960235073,0.32893326243081455,0.3337156254661562,9741802.0,282482656.0
2017-10-17,0.32508404340236885,0.35447807961959055,0.3208848953713372,0.3458464975558032,10225347.0,297674560.0
2017-10-18,0.3411807775213236,0.3450299965497693,0.3278834754230566,0.33021633544029644,6988921.0,201446864.0
2017-10-19,0.33033297844115844,0.3450299965497693,0.3285833334282286,0.3382647024997738,6746182.0,195238688.0
2017-10-20,0.33394891146788014,0.335231984477362,0.30828745127824214,0.3239176133937489,5786649.0,160177744.0
2017-10-23,0.3199517513644412,0.35634436763338245,0.31528603132996164,0.35634436763338245,10261482.0,299347072.0
2017-10-24,0.35331164961097067,0.3920371258971517,0.35086214659286885,0.3884211928704299,18987734.0,602546304.0
2017-10-25,0.38492190284457023,0.3904041238850838,0.3656758077023417,0.38783797786611995,15287281.0,498835232.0
2017-10-26,0.3773401077885408,0.40591764299972855,0.374540675767853,0.3902874808842218,16044577.0,535954112.0
2017-10-27,0.3902874808842218,0.3905207668859457,0.37302431675664716,0.3836388298350883,12620544.0,413015008.0
2017-10-30,0.3767568927842308,0.38492190284457023,0.36217651767648196,0.38492190284457023,7784216.0,248556736.0
2017-10-31,0.38422204483939826,0.3965862029307693,0.3709247427411313,0.39611963092732133,14541870.0,480553728.0
2017-11-01,0.40591764299972855,0.4070840730083485,0.3827056858281924,0.38795462086698196,11993928.0,401838784.0
2017-11-02,0.387138119860948,0.387138119860948,0.36509259269803174,0.374890604770439,8631078.0,276653696.0
2017-11-03,0.3732576027583711,0.38200582782302045,0.3662590227066516,0.3722078157506132,7785043.0,250862528.0
2017-11-06,0.37069145673940734,0.38142261281871054,0.34316370853597744,0.3808393978144005,9548382.0,298641184.0
2017-11-07,0.37792332279285074,0.4186317300936856,0.374890604770439,0.4087170750204164,14584607.0,490487200.0
2017-11-08,0.3965862029307693,0.40218506697214484,0.37908975280147067,0.37908975280147067,11666173.0,391664864.0
2017-11-09,0.361593302672172,0.36742545271527155,0.35307836360924666,0.3603102296626901,8593121.0,265703312.0
2017-11-10,0.35867722765062227,0.3626430896799299,0.35226186260321274,0.3580940126463123,4827277.0,147936528.0
2017-11-13,0.3578607266445883,0.36497594969716973,0.3557611526290725,0.35844394164889826,4088807.0,126111392.0
2017-11-14,0.3580940126463123,0.3593770856557942,0.3368649864894299,0.3384979885014978,6274920.0,185325856.0
2017-11-15,0.3384979885014978,0.3464297125601132,0.3345321264721901,0.3388479175040838,3101382.0,90660064.0
2017-11-16,0.336165128484258,0.34409685254287337,0.3201850373661652,0.32041832336788917,4777588.0,135272400.0
2017-11-17,0.31738560534547744,0.3186686783549593,0.2905577151472195,0.2906743581480815,4718476.0,122486576.0
2017-11-20,0.2906743581480815,0.3010555852247987,0.2787767720601584,0.2981395102032489,3067641.0,76963936.0
2017-11-21,0.29522343518169913,0.30175544322997067,0.2828592770903281,0.29160750215497744,2795732.0,70114120.0
2017-11-22,0.2919574311575634,0.2986060822066969,0.28869142713342766,0.29265728916273537,2485881.0,62653540.0
2017-11-23,0.2935904331696313,0.2935904331696313,0.2766771980446426,0.2776103420515385,2593639.0,63241312.0
2017-11-24,0.27329455101964484,0.2820427760842942,0.27329455101964484,0.27644391204291857,1635444.0,39039376.0
2017-11-27,0.2799432020687783,0.2799432020687783,0.271078334003267,0.271428263005853,1371944.0,32517836.0
2017-11-28,0.27329455101964484,0.2776103420515385,0.2729446220170589,0.27726041304895255,1890144.0,44616024.0
2017-11-29,0.27726041304895255,0.2799432020687783,0.2686288309851652,0.2750441960325747,1983009.0,46429648.0
2017-11-30,0.27574405403774666,0.27970991606705436,0.27411105202567876,0.2755107680360227,1706544.0,40475840.0
2017-12-01,0.2767938410455046,0.29394036217221725,0.26827890198257925,0.2889247131351516,3698750.0,90107880.0
2017-12-04,0.28460892210325794,0.2869417821204978,0.27131162000499104,0.2724780500136109,2884200.0,69097384.0
2017-12-05,0.27072840500068107,0.2752774820342987,0.2531153118705204,0.2571978169006901,2538800.0,57458580.0
2017-12-06,0.25451502788086433,0.2624467519394797,0.2542817418791403,0.2620968229368937,1676924.0,37173156.0
2017-12-07,0.2624467519394797,0.26361318194809963,0.25906410491448195,0.2617468939343078,1366932.0,30696538.0
2017-12-08,0.2617468939343078,0.27341119402050684,0.2617468939343078,0.26816225898171725,2332774.0,53871624.0
2017-12-11,0.26594604196533944,0.2746942670299887,0.26594604196533944,0.2729446220170589,1574780.0,36737876.0
2017-12-12,0.2730612650179209,0.2745776240291267,0.2671124719739593,0.26734575797568333,1463136.0,33855820.0
2017-12-13,0.26816225898171725,0.2723614070127489,0.26594604196533944,0.271544906006715,1271230.0,29491336.0
2017-12-14,0.2685121879843032,0.27189483500930095,0.26664589997051136,0.271078334003267,1199844.0,27701190.0
2017-12-15,0.27177819200843895,0.2832092060929141,0.2694453319911992,0.27807691405498647,3986092.0,95309592.0
2017-12-18,0.271078334003267,0.27970991606705436,0.271078334003267,0.27177819200843895,1554600.0,36519976.0
2017-12-19,0.27072840500068107,0.2762106260411946,0.27072840500068107,0.2746942670299887,1265466.0,29748336.0
2017-12-20,0.2745776240291267,0.27481091003085073,0.26419639695240954,0.2647796119567195,1489880.0,34376588.0
2017-12-21,0.2653628269610295,0.2678123299791313,0.26128032193085976,0.2671124719739593,1432700.0,32677542.0
2017-12-22,0.26816225898171725,0.27574405403774666,0.2653628269610295,0.2702618329972331,1580010.0,36703024.0
2017-12-25,0.2702618329972331,0.2724780500136109,0.2616302509334458,0.2647796119567195,1084880.0,24699846.0
2017-12-26,0.2653628269610295,0.2762106260411946,0.26279668094206565,0.2738777660239548,2880972.0,67264216.0
2017-12-27,0.2729446220170589,0.2812262750782602,0.27119497700412903,0.2752774820342987,2800836.0,66221484.0
2017-12-28,0.2746942670299887,0.2830925630920521,0.2724780500136109,0.28029313107136433,2585996.0,61973132.0
2017-12-29,0.2799432020687783,0.28087634607567424,0.27364448002223085,0.27714377004809054,1969362.0,46683688.0
2018-01-02,0.27714377004809054,0.2792433440636064,0.2730612650179209,0.2784268430575725,1332000.0,31561910.0
2018-01-03,0.2778436280532625,0.27807691405498647,0.27364448002223085,0.27726041304895255,1644838.0,38924808.0
2018-01-04,0.27656055504378063,0.28227606208601813,0.2762106260411946,0.2777269850524005,2170244.0,52022100.0
2018-01-05,0.28110963207739825,0.28110963207739825,0.2728279790161969,0.27329455101964484,1514376.0,35761224.0
2018-01-08,0.27364448002223085,0.27364448002223085,0.2661793279670634,0.27037847599809506,1572244.0,36248628.0
2018-01-09,0.27049511899895706,0.27119497700412903,0.2668791859722353,0.2676956869782693,1304481.0,29987984.0
2018-01-10,0.26676254297137336,0.26816225898171725,0.25521488588603625,0.2598806059205159,2125315.0,47671364.0
2018-01-11,0.2598806059205159,0.2665292569696494,0.25754774590327606,0.26582939896447744,1549964.0,35075468.0
2018-01-12,0.26419639695240954,0.2668791859722353,0.26128032193085976,0.2631466099446516,1204380.0,27199716.0
2018-01-15,0.2633798959463756,0.2633798959463756,0.25533152888689825,0.25533152888689825,1567244.0,34715700.0
2018-01-16,0.25521488588603625,0.26139696493172176,0.25521488588603625,0.26046382092482584,1266460.0,28196548.0
2018-01-17,0.26302996694378966,0.2665292569696494,0.25754774590327606,0.26582939896447744,1833463.0,41407588.0
2018-01-18,0.2653628269610295,0.26816225898171725,0.26268003794120365,0.26629597096792534,1472461.0,33528218.0
2018-01-19,0.2669958289730973,0.27166154900757694,0.26512954095930547,0.2676956869782693,2085733.0,48173396.0
2018-01-22,0.2678123299791313,0.2678123299791313,0.258130960907586,0.26279668094206565,1419036.0,31891212.0
2018-01-23,0.2610470359291358,0.2653628269610295,0.26069710692654985,0.2624467519394797,940300.0,21193302.0
2018-01-24,0.26361318194809963,0.2746942670299887,0.26046382092482584,0.27201147801016295,2576549.0,59434480.0
2018-01-25,0.2694453319911992,0.27352783702136885,0.2672291149748213,0.2676956869782693,1823369.0,42260364.0
2018-01-26,0.2671124719739593,0.26956197499206114,0.25906410491448195,0.2610470359291358,1479982.0,33561744.0
2018-01-29,0.25836424690931,0.26302996694378966,0.2555648148886222,0.25754774590327606,1273000.0,28150048.0
2018-01-30,0.25754774590327606,0.2596473199187919,0.2557981008903462,0.258130960907586,692944.0,15288797.0
2018-01-31,0.25603138689207017,0.25778103190500007,0.23270278671967198,0.23690193475070365,1986636.0,41675700.0
2018-02-01,0.23853493676277152,0.24098443978087336,0.21357333457830546,0.22022198562743894,1575144.0,30774360.0
2018-02-02,0.22022198562743894,0.2233713466507127,0.2015591054895204,0.21427319258347743,1172400.0,21551824.0
2018-02-05,0.21287347657313352,0.21287347657313352,0.207157969530896,0.20972411554985979,675440.0,12192354.0
2018-02-06,0.19957617447486656,0.2050583955153801,0.19257759442314712,0.19257759442314712,1453600.0,24754288.0
2018-02-07,0.1963101704507308,0.20389196550676023,0.19071130640935527,0.19817645846452264,1050644.0,17742654.0
2018-02-08,0.1954936694446969,0.20389196550676023,0.1954936694446969,0.2016757484903824,685100.0,11828956.0
2018-02-09,0.19444388243693897,0.19922624547228057,0.19094459241107922,0.19479381143952493,825315.0,13846593.0
2018-02-12,0.19596024144814483,0.20260889249727834,0.19596024144814483,0.20050931848176248,659600.0,11364574.0
2018-02-13,0.20132581948779643,0.20354203650417424,0.19864303046797063,0.1991096024714186,570500.0,9823155.0
2018-02-14,0.19922624547228057,0.20097589048521045,0.19619352744986882,0.19759324346021273,401536.0,6835050.5
2018-02-22,0.20074260448348646,0.2028421784990023,0.1987596734688326,0.20202567749296838,658444.0,11363283.0
2018-02-23,0.20225896349469236,0.20564161051969007,0.20132581948779643,0.2055249675188281,865788.0,15132063.0
2018-02-26,0.21334004857658148,0.21695598160330323,0.21065725955675568,0.21438983558433938,1525382.0,27932460.0
2018-02-27,0.21450647858520142,0.22045527162916292,0.21112383156020367,0.21777248260933715,1453988.0,27022294.0
2018-02-28,0.21334004857658148,0.21532297959123534,0.21194033256623762,0.21403990658175345,1063044.0,19485214.0
2018-03-01,0.21229026156882355,0.21963877062312898,0.21100718855934167,0.21893891261795706,1206544.0,22472878.0
2018-03-02,0.21765583960847515,0.2360854337446697,0.21742255360675117,0.22313806064898872,2256688.0,43965984.0
2018-03-05,0.22255484564467876,0.23923479476794351,0.22045527162916292,0.23316935872311995,2522800.0,50020948.0
2018-03-06,0.23421914573087785,0.23946808076966747,0.23211957171536202,0.23328600172398195,2943082.0,59480980.0
2018-03-07,0.22780378068346838,0.24763309083000684,0.22780378068346838,0.24588344581707694,3848532.0,79058856.0
2018-03-08,0.27049511899895706,0.27049511899895706,0.27049511899895706,0.27049511899895706,977736.0,22673698.0
2018-03-09,0.297556295198939,0.297556295198939,0.297556295198939,0.297556295198939,803400.0,20494734.0
2018-03-12,0.32730026041874666,0.32730026041874666,0.32730026041874666,0.32730026041874666,747333.0,20970164.0
2018-03-13,0.36007694366096615,0.36007694366096615,0.3499290025859729,0.36007694366096615,18021626.0,554507840.0
2018-03-14,0.35867722765062227,0.3662590227066516,0.3475961425687331,0.3505122175902829,13729543.0,421033504.0
2018-03-15,0.34293042253425343,0.35541122362648647,0.3208848953713372,0.3474794995678711,11439313.0,335863520.0
2018-03-16,0.3517952905997648,0.3709247427411313,0.3452632825514933,0.3565776536351064,11093189.0,341846272.0
2018-03-19,0.3528450776075227,0.3887711218730159,0.3528450776075227,0.37302431675664716,12849770.0,410470816.0
2018-03-20,0.3605435156644141,0.3773401077885408,0.34771278556959506,0.374540675767853,9844366.0,302600384.0
2018-03-21,0.38142261281871054,0.4119830790445521,0.37442403276699104,0.3860883328531901,15325514.0,518966528.0
2018-03-22,0.38795462086698196,0.413382795054896,0.3827056858281924,0.38352218683422634,12859572.0,436171296.0
2018-03-23,0.3481793575730431,0.36124337366958603,0.3451466395506313,0.35762744064286434,11823624.0,355018368.0
2018-03-26,0.35214521960235073,0.3776900367911268,0.34083084851873763,0.3758237487773349,8303480.0,258438032.0
2018-03-27,0.3893543368773259,0.4097668620281743,0.3827056858281924,0.40346813998162684,9902369.0,335814176.0
2018-03-28,0.39728606093594127,0.44382661827987563,0.3942533429135294,0.44382661827987563,13970486.0,504942368.0
2018-03-29,0.4329788191997105,0.44779248030918334,0.4146658680643779,0.42504709514109507,10401266.0,382219712.0
2018-03-30,0.4274965981591969,0.46668864644882585,0.4274965981591969,0.45479106036090283,11236131.0,428649408.0
2018-04-02,0.45374127335314485,0.4804525205505408,0.4432434032755657,0.47450372750657926,10594756.0,415141440.0
2018-04-03,0.4549077033617648,0.4665720034479639,0.44709262230401137,0.44709262230401137,7737295.0,303738240.0
2018-04-04,0.43146246018850465,0.44615947829711544,0.42061466110833945,0.426446811151439,9174609.0,340322464.0
2018-04-09,0.41000014802989826,0.43951082724798196,0.3942533429135294,0.43146246018850465,8592526.0,305087456.0
2018-04-10,0.426796740154025,0.4286630281678168,0.4012519229652489,0.4158322980729978,7716607.0,276130432.0
2018-04-11,0.44301011727384165,0.4574738493807286,0.42224766312040735,0.4484923383143553,15339347.0,591459136.0
2018-04-12,0.43741125323246616,0.4431267602747037,0.40370142598335074,0.40370142598335074,9805503.0,356131936.0
2018-04-13,0.3965862029307693,0.41151650704110415,0.38515518884629424,0.39273698390232364,9131331.0,311186976.0
2018-04-16,0.3930869129049096,0.399618920953181,0.38492190284457023,0.39611963092732133,5319966.0,179659440.0
2018-04-17,0.3991523489497331,0.4082505030169684,0.3776900367911268,0.38223911382474446,7680515.0,260461280.0
2018-04-18,1.8450778876268246,1.863251283098525,1.6556919769217384,1.8001226461968296,15170586.0,272557024.0
2018-04-19,1.7838622397221502,1.9608137219465998,1.759949877259387,1.8536863381134194,19395192.0,377434144.0
2018-04-20,1.779079767229598,1.83646943714023,1.6681264054023757,1.6681264054023757,14947568.0,271039232.0
2018-04-23,1.6069107574977013,1.7637758552534293,1.6069107574977013,1.6815173283815228,10156810.0,180409840.0
2018-04-24,1.7063861853427968,1.8498603601193775,1.7063861853427968,1.8498603601193775,5609028.0,107307632.0
2018-04-25,2.034463798331911,2.034463798331911,2.034463798331911,2.034463798331911,2082945.0,44304240.0
2018-04-26,2.2095022915593394,2.2190672365444444,1.9244669310031994,1.9244669310031994,31595724.0,700500032.0
2018-04-27,1.859425305104483,1.8938591070508621,1.7322115368025814,1.7829057452236399,22150622.0,416885472.0
2018-05-02,1.7465589542802396,1.8077746021849137,1.6843868118770546,1.7369940092951341,13543281.0,246764064.0
2018-05-03,1.7216900973189655,1.8049051186893823,1.650909504429186,1.7915141957102347,13833136.0,251305904.0
2018-05-04,1.7408199872891763,1.7589933827608766,1.6853433063755652,1.7063861853427968,11357603.0,204211904.0
2018-05-07,1.7006472183517338,1.8766422060776726,1.7006472183517338,1.7982096571998085,17163800.0,323622784.0
2018-05-08,1.8335999536446985,1.9780306229197893,1.8335999536446985,1.9780306229197893,20838488.0,417911136.0
2018-05-09,1.9799436119168103,2.1760249841114705,1.8555993271104405,2.1760249841114705,30559670.0,650660032.0
2018-05-10,2.394105729771873,2.394105729771873,2.394105729771873,2.394105729771873,10253532.0,256645904.0
2018-05-11,2.439060971201868,2.6332293543995067,2.314716686395498,2.4974071356110104,37912136.0,984593856.0
2018-05-14,2.305151741410393,2.4438434436944205,2.2477620714997606,2.2477620714997606,22867822.0,557128896.0
2018-05-15,2.143504171162112,2.4725382786497367,2.132982731678496,2.4725382786497367,29206132.0,712372096.0
2018-05-16,2.385497279285278,2.6609676948563123,2.316629675392519,2.506015586097605,32527524.0,858230080.0
2018-05-17,2.4486259161869732,2.6112299809337647,2.296543290923798,2.5806221569814274,24848760.0,639269312.0
2018-05-18,2.626533892909933,2.677228101330991,2.4964506411125003,2.506972080596116,24223068.0,655944064.0
2018-05-21,2.392192740774852,2.619838431420359,2.3912362462763412,2.5088850695931373,20976228.0,547307712.0
2018-05-22,2.453408388679526,2.5241889815693055,2.4151486087391043,2.455321377676547,15590711.0,400687840.0
2018-05-23,2.4180180922346364,2.4381044767033573,2.316629675392519,2.3319335873686877,14289128.0,353921216.0
2018-05-24,2.3194991588880507,2.352019971837409,2.2477620714997606,2.314716686395498,9930262.0,238628672.0
2018-05-25,2.310890708401456,2.3223686423835823,2.223849709036997,2.2276756870310392,8141099.0,192374288.0
2018-05-28,2.267848455968482,2.360628422324004,2.248718565998271,2.314716686395498,11598726.0,280936128.0
2018-05-29,2.2745439174580557,2.2927173129297556,2.171242511618918,2.187502918093597,8246014.0,192687744.0
2018-05-30,2.1109833582127537,2.1176788197023275,1.9684656779346839,2.046898226812548,8521744.0,180821216.0
2018-05-31,2.077506050764885,2.102374907726159,2.0105514358691474,2.0583761607946744,5634320.0,121493136.0
2018-06-01,2.048811215809569,2.0641151277857372,1.8862071510627778,1.9340318759883046,6700735.0,137997776.0
2018-06-04,1.9474227989674522,1.9761176339227682,1.9311623924927732,1.937857853982347,4105870.0,83920600.0
2018-06-05,1.9751611394242576,2.1320262371799856,1.9655961944391525,2.1320262371799856,5854275.0,127550840.0
2018-06-06,2.257327016484866,2.2946303019267766,2.1999373465742336,2.213328269553381,14818188.0,346858464.0
2018-06-07,2.2209802255414655,2.234371148520613,2.129156753684454,2.1425476766636016,8010861.0,180580464.0
2018-06-08,2.127243764687433,2.242979599007208,2.10428789672318,2.1702860171204073,7224101.0,164495456.0
2018-06-11,2.1301132481829645,2.1664600391263646,2.106200885720201,2.129156753684454,4372440.0,97238992.0
2018-06-12,2.1215047976963697,2.333846576365709,2.1119398527112643,2.316629675392519,14587348.0,343701664.0
2018-06-13,2.255414027487845,2.2841088624431607,2.179850962105512,2.190372401589128,9816725.0,228221328.0
2018-06-14,2.1473301491561543,2.2334146540221025,2.113852841708286,2.1664600391263646,5569146.0,127058304.0
2018-06-15,2.162634061132323,2.2190672365444444,2.0028994798810635,2.0373332818274426,6700225.0,148501392.0
2018-06-19,2.03255080933489,2.03255080933489,1.8335999536446985,1.8335999536446985,6000155.0,117635472.0
2018-06-20,1.7389069982921552,1.9282929089972414,1.7389069982921552,1.9177714695136256,6050150.0,118786784.0
2018-06-21,1.9129889970210727,1.9225539420061784,1.759949877259387,1.8154265581729983,5222030.0,101160600.0
2018-06-22,1.7982096571998085,1.8833376675672464,1.7857752287191717,1.8565558216089513,3822641.0,73796720.0
2018-06-25,1.8756857115791619,1.9589007329495787,1.865164272095546,1.8842941620657567,4669410.0,93161256.0
2018-06-26,1.8192525361670402,1.9321188869912835,1.809687591181935,1.9129889970210727,4695971.0,92844504.0
2018-06-27,1.9177714695136256,1.9474227989674522,1.8995980740419254,1.9196844585106465,5204111.0,104715480.0
2018-06-28,1.9321188869912835,1.949335787964473,1.8460343821253353,1.8489038656208667,4507860.0,90060656.0
2018-06-29,1.827860986653635,1.920640953009157,1.8269044921551247,1.9120325025225622,4530850.0,89390016.0
2018-07-02,1.9340318759883046,2.0000299963855315,1.8804681840717146,1.9177714695136256,5796541.0,117848120.0
2018-07-03,1.9149019860180938,1.9608137219465998,1.8747292170806515,1.9560312494540468,5391641.0,108655648.0
2018-07-04,1.9340318759883046,1.9349883704868152,1.8077746021849137,1.8622947886000143,4986860.0,98096576.0
2018-07-05,1.8622947886000143,1.8881201400597987,1.7695148222444923,1.7714278112415134,3271637.0,62518672.0
2018-07-06,1.7656888442504504,1.8125570746774664,1.699690723853223,1.780992756226619,4186880.0,77580872.0
2018-07-09,1.784818734220661,1.949335787964473,1.784818734220661,1.8948156015493725,5487910.0,107006088.0
2018-07-10,1.8842941620657567,2.0727235782723326,1.8842941620657567,1.9923780403974471,9109495.0,188795744.0
2018-07-11,1.9837695899108523,1.984726084409363,1.8938591070508621,1.9474227989674522,7029763.0,142221488.0
2018-07-12,1.9703786669317052,1.999073501887021,1.941683831976389,1.980900106415321,7307385.0,151180400.0
2018-07-13,1.9684656779346839,1.9799436119168103,1.9158584805166046,1.9340318759883046,5122429.0,103881280.0
2018-07-16,1.9340318759883046,1.9464663044689416,1.9053370410329886,1.9426403264748993,2635165.0,53055232.0
2018-07-17,1.9426403264748993,1.9464663044689416,1.879511689573204,1.9225539420061784,3270849.0,65266204.0
2018-07-18,1.9321188869912835,1.9464663044689416,1.8842941620657567,1.8862071510627778,2464362.0,49183248.0
2018-07-19,1.8728162280836302,1.9062935355314992,1.8058616131878926,1.8182960416685299,3350665.0,64494028.0
2018-07-20,1.8182960416685299,1.852729843614909,1.7695148222444923,1.850816854617888,3164970.0,60489964.0
2018-07-23,1.8555993271104405,1.8642077775970354,1.8230785141610824,1.8469908766238456,2461391.0,47340408.0
2018-07-24,1.8489038656208667,1.8642077775970354,1.8307304701491667,1.8603817996029932,2782205.0,53866180.0
2018-07-25,1.859425305104483,1.8890766345583094,1.8460343821253353,1.8469908766238456,2639249.0,51403784.0
2018-07-26,1.8479473711223564,1.8603817996029932,1.8001226461968296,1.811600580178956,2811215.0,53458536.0
2018-07-27,1.8001226461968296,1.8450778876268246,1.790557701211724,1.8125570746774664,2164704.0,41080508.0
2018-07-30,1.8106440856804453,1.8106440856804453,1.7216900973189655,1.7302985478055604,2892567.0,52969372.0
2018-07-31,1.7293420533070496,1.7676018332474714,1.7283855588085393,1.7446459652832182,1400310.0,25617054.0
2018-08-01,1.7637758552534293,1.7685583277459818,1.6910822733666284,1.692038767865139,2082450.0,37490676.0
2018-08-02,1.690125778868118,1.690125778868118,1.5590860325721745,1.627953636464933,3035730.0,51005068.0
2018-08-03,1.6260406474679119,1.6308231199604646,1.5657814940617483,1.570563966554301,1607813.0,26985568.0
2018-08-06,1.570563966554301,1.5801289115394062,1.5303911976168583,1.5389996481034531,1885295.0,30551134.0
2018-08-07,1.5409126371004742,1.578215922542385,1.5026528571600528,1.578215922542385,2429523.0,39463680.0
2018-08-08,1.5734334500498324,1.576302933545364,1.5122178021451582,1.5150872856406896,2009270.0,32395422.0
2018-08-09,1.5160437801392002,1.6069107574977013,1.5160437801392002,1.5772594280438743,3725883.0,61336704.0
2018-08-10,1.5676944830587694,1.62221466947387,1.5590860325721745,1.611693229990254,4351953.0,72604904.0
2018-08-13,1.572476955551322,1.611693229990254,1.5600425270706848,1.6088237464947224,2818610.0,46724044.0
2018-08-14,1.5973458125125957,1.7695148222444923,1.5906503510230219,1.6958647458591811,6597800.0,117868264.0
2018-08-15,1.6260406474679119,1.6786478448859914,1.617432196981317,1.633692603455996,3522010.0,60451164.0
2018-08-16,1.6069107574977013,1.633692603455996,1.5600425270706848,1.5858678785304692,2547893.0,42428408.0
2018-08-17,1.592563340020043,1.617432196981317,1.531347692115369,1.5437821205960058,2207490.0,36135664.0
2018-08-20,1.53326068111239,1.5648249995632375,1.5208262526317529,1.5562165490766426,1729930.0,27853244.0
2018-08-21,1.5562165490766426,1.5801289115394062,1.5504775820855796,1.5715204610528113,1747605.0,28611522.0
2018-08-22,1.5715204610528113,1.6069107574977013,1.5466516040915375,1.547608098590048,1569771.0,25835650.0
2018-08-23,1.5418691315989848,1.6308231199604646,1.5418691315989848,1.592563340020043,2947921.0,48964564.0
2018-08-24,1.5638685050647272,1.5849113840319589,1.553347065581111,1.5562165490766426,2166851.0,35432416.0
2018-08-27,1.5562165490766426,1.5906503510230219,1.5495210875870689,1.5820419005364272,2477650.0,40791812.0
2018-08-28,1.5820419005364272,1.592563340020043,1.5571730435751534,1.5715204610528113,2030470.0,33414080.0
2018-08-29,1.5686509775572797,1.570563966554301,1.5409126371004742,1.542825626097495,1304240.0,21093608.0
2018-08-30,1.5399561426019637,1.5523905710826007,1.5208262526317529,1.5256087251243056,1151581.0,18499886.0
2018-08-31,1.504565846157074,1.5275217141213266,1.4911749231779263,1.4921314176764369,1538560.0,24160802.0
2018-09-03,1.4768275057002682,1.4988268791660107,1.4089163963060203,1.4510021542404838,1684800.0,25489564.0
2018-09-04,1.456741121231547,1.4672625607151628,1.442393703753889,1.4634365827211209,1183819.0,18053170.0
2018-09-05,1.46248008822261,1.469175549712184,1.417524846792615,1.419437835789636,1495806.0,22541524.0
2018-09-06,1.4146553632970833,1.440480714756868,1.3993514513209149,1.421350824786657,1226069.0,18265884.0
2018-09-07,1.4328287587687836,1.44430669275091,1.4060469128104884,1.4261332972792098,1312286.0,19593962.0
2018-09-10,1.4261332972792098,1.4290027807747414,1.3821345503477251,1.4031774293149568,1707405.0,24964816.0
2018-09-11,1.388830011837299,1.415611857795594,1.3878735173387884,1.4060469128104884,1224325.0,17918548.0
2018-09-12,1.4060469128104884,1.501696362661542,1.392655989831341,1.4452631872494204,2944850.0,44662152.0
2018-09-13,1.4490891652434628,1.4615235937240996,1.417524846792615,1.4366547367628257,1972430.0,29618744.0
2018-09-14,1.4347417477658047,1.458654110228568,1.4136988687985728,1.419437835789636,1421770.0,21315312.0
2018-09-17,1.4184813412911255,1.4184813412911255,1.3591786823834724,1.3630046603775143,1170114.0,16766610.0
2018-09-18,1.3687436273685776,1.3869170228402778,1.3457877594043248,1.3821345503477251,1237564.0,17737716.0
2018-09-19,1.376395583356662,1.4777840001987788,1.3591786823834724,1.4165683522941044,2837660.0,42400520.0
2018-09-20,1.405090418311978,1.4347417477658047,1.3993514513209149,1.3993514513209149,1538165.0,22700624.0
2018-09-21,1.4136988687985728,1.4261332972792098,1.3869170228402778,1.4261332972792098,1696840.0,25030002.0
2018-09-25,1.431872264270273,1.431872264270273,1.3993514513209149,1.4127423743000622,1088415.0,16061117.0
2018-09-26,1.4127423743000622,1.4806534836943104,1.4022209348164465,1.4452631872494204,3431200.0,51783172.0
2018-09-27,1.4347417477658047,1.4433501982523995,1.3687436273685776,1.3725696053626197,2766615.0,40520464.0
2018-09-28,1.388830011837299,1.401264440317936,1.3773520778551724,1.3859605283417673,962380.0,13936256.0
2018-10-08,1.3773520778551724,1.3773520778551724,1.2883980894936926,1.2941370564847556,1652310.0,23022560.0
2018-10-09,1.2970065399802875,1.3276143639326246,1.2970065399802875,1.3037020014698613,1024015.0,13997922.0
2018-10-10,1.3094409684609243,1.4337852532672941,1.3084844739624137,1.4337852532672941,3215652.0,47814628.0
2018-10-11,1.4672625607151628,1.5294347031183477,1.4471761762464417,1.499783373664521,15146496.0,236466784.0
2018-10-12,1.4232638137836782,1.6499530099306754,1.3496137373983668,1.5667379885602586,16539676.0,263276720.0
2018-10-15,1.5208262526317529,1.5303911976168583,1.4739580222047366,1.4796969891957998,10501181.0,165032160.0
2018-10-16,1.4433501982523995,1.5571730435751534,1.4223073192851676,1.5323041866138793,11860190.0,187484144.0
2018-10-17,1.514130791142179,1.5963893180140853,1.4873489451838842,1.5963893180140853,12087106.0,196284384.0
2018-10-18,1.5619555160677059,1.5734334500498324,1.4538716377360152,1.4825664726913315,7563645.0,119720736.0
2018-10-19,1.473001527706226,1.5906503510230219,1.4251768027806992,1.545695109593027,8500670.0,136452432.0
2018-10-22,1.5380431536049424,1.6738653723934387,1.5380431536049424,1.6164757024828065,12279292.0,206252064.0
2018-10-23,1.583954889533448,1.6203016804768489,1.5418691315989848,1.5619555160677059,7316339.0,120662616.0
2018-10-24,1.542825626097495,1.576302933545364,1.4969138901689896,1.5112613076466477,5890000.0,94008144.0
2018-10-25,1.4251768027806992,1.4682190552136734,1.3869170228402778,1.446219681747931,4864049.0,72855944.0
2018-10-26,1.4634365827211209,1.4806534836943104,1.4309157697717625,1.4328287587687836,3425670.0,52136216.0
2018-10-29,1.417524846792615,1.4309157697717625,1.3744825943596408,1.3907430008343198,3038441.0,44482528.0
2018-10-30,1.3916994953328305,1.4328287587687836,1.3505702318968773,1.4041339238134674,3543837.0,51774852.0
2018-10-31,1.3936124843298516,1.429959275273252,1.3936124843298516,1.4232638137836782,3531940.0,52300552.0
2018-11-01,1.5064788351540948,1.5657814940617483,1.4519586487389942,1.458654110228568,7395102.0,115890392.0
2018-11-02,1.4844794616883525,1.4950009011719685,1.4490891652434628,1.4825664726913315,4779245.0,73667752.0
2018-11-05,1.471088538709205,1.5916068455215326,1.471088538709205,1.5590860325721745,8842762.0,141232048.0
2018-11-06,1.5303911976168583,1.5495210875870689,1.5026528571600528,1.5399561426019637,4893857.0,77923208.0
2018-11-07,1.5323041866138793,1.5552600545781323,1.5236957361272845,1.5284782086198372,4027760.0,64783560.0
2018-11-08,1.5399561426019637,1.5523905710826007,1.504565846157074,1.5074353296526053,3364950.0,53615056.0
2018-11-09,1.501696362661542,1.522739241628774,1.4749145167032471,1.4806534836943104,2334190.0,36718144.0
2018-11-12,1.473001527706226,1.5150872856406896,1.456741121231547,1.5150872856406896,2911500.0,45572308.0
2018-11-13,1.4873489451838842,1.5236957361272845,1.4863924506853734,1.5112613076466477,3323870.0,52326184.0
2018-11-14,1.514130791142179,1.5389996481034531,1.5036093516585634,1.5179567691362212,3569230.0,56859992.0
2018-11-15,1.5208262526317529,1.5743899445483431,1.5064788351540948,1.5676944830587694,6903834.0,111480424.0
2018-11-16,1.5552600545781323,1.5638685050647272,1.5399561426019637,1.5543035600796218,4595435.0,74477072.0
2018-11-19,1.5495210875870689,1.5504775820855796,1.5112613076466477,1.5284782086198372,3130050.0,50021820.0
2018-11-20,1.5093483186496264,1.6815173283815228,1.501696362661542,1.6815173283815228,18631520.0,318869088.0
2018-11-21,1.6365620869515278,1.7972531627012978,1.6260406474679119,1.7197771083219444,21391916.0,382474976.0
2018-11-22,1.6662134164053546,1.6891692843696073,1.6423010539425913,1.6537789879247173,10228162.0,177907152.0
2018-11-23,1.6442140429396122,1.8192525361670402,1.5954328235155748,1.735081020298113,17743230.0,318430816.0
2018-11-26,1.6576049659187595,1.7063861853427968,1.6164757024828065,1.6643004274083333,12121755.0,210530128.0
2018-11-27,1.6451705374381225,1.7446459652832182,1.6451705374381225,1.71212515233386,10486680.0,184746576.0
2018-11-28,1.7063861853427968,1.7140381413308814,1.654735482423228,1.7006472183517338,7801405.0,137349872.0
2018-11-29,1.7111686578353498,1.7389069982921552,1.578215922542385,1.5896938565245116,8618680.0,151282000.0
2018-11-30,1.5543035600796218,1.5619555160677059,1.4930879121749472,1.5256087251243056,6561705.0,104780616.0
2018-12-03,1.5638685050647272,1.6002152960081275,1.53326068111239,1.5858678785304692,5515145.0,90841736.0
2018-12-04,1.5667379885602586,1.6356055924530175,1.5667379885602586,1.6107367354917432,5312095.0,89364696.0
2018-12-05,1.578215922542385,1.6011717905066378,1.5571730435751534,1.5791724170408958,3239965.0,53554972.0
2018-12-06,1.5820419005364272,1.6556919769217384,1.5791724170408958,1.5829983950349378,4471665.0,75077192.0
2018-12-07,1.5686509775572797,1.6059542629991905,1.5418691315989848,1.542825626097495,3560945.0,58482684.0
2018-12-10,1.535173670109411,1.5562165490766426,1.5131742966436685,1.5466516040915375,2611605.0,41856752.0
2018-12-11,1.553347065581111,1.5571730435751534,1.522739241628774,1.5447386150945162,2095440.0,33753196.0
2018-12-12,1.5447386150945162,1.5552600545781323,1.537086659106432,1.553347065581111,1936395.0,31321224.0
2018-12-13,1.553347065581111,1.5676944830587694,1.522739241628774,1.5523905710826007,2616880.0,42357748.0
2018-12-14,1.5495210875870689,1.5667379885602586,1.4806534836943104,1.483522967189842,2696230.0,43061860.0
2018-12-17,1.4863924506853734,1.4863924506853734,1.4203943302881465,1.460567099225589,2767740.0,41951932.0
2018-12-18,1.460567099225589,1.4615235937240996,1.419437835789636,1.442393703753889,1983220.0,29843832.0
2018-12-19,1.4433501982523995,1.4500456597419733,1.4060469128104884,1.4117858798015517,1689985.0,25180594.0
2018-12-20,1.3936124843298516,1.4356982422643152,1.392655989831341,1.4356982422643152,1555680.0,23076440.0
2018-12-21,1.4356982422643152,1.440480714756868,1.4108293853030411,1.4270897917777203,1317715.0,19612678.0
2018-12-24,1.417524846792615,1.5303911976168583,1.417524846792615,1.4988268791660107,4409820.0,68935736.0
2018-12-25,1.4672625607151628,1.4796969891957998,1.4146553632970833,1.4672625607151628,3167080.0,47900272.0
2018-12-26,1.4529151432375047,1.4777840001987788,1.4452631872494204,1.456741121231547,2104680.0,32140302.0
2018-12-27,1.4777840001987788,1.4911749231779263,1.415611857795594,1.4165683522941044,2001300.0,30511712.0
2018-12-28,1.4146553632970833,1.4337852532672941,1.3897865063358092,1.3916994953328305,1846720.0,27259486.0
2019-01-02,1.396481967825383,1.4184813412911255,1.396481967825383,1.4146553632970833,1223460.0,18009554.0
2019-01-03,1.4232638137836782,1.431872264270273,1.396481967825383,1.4098728908045306,1411460.0,20908812.0
2019-01-04,1.380221561350704,1.456741121231547,1.3792650668521935,1.4376112312613363,2177190.0,32418686.0
2019-01-07,1.4376112312613363,1.5256087251243056,1.4376112312613363,1.4873489451838842,3701975.0,57321780.0
2019-01-08,1.4873489451838842,1.4892619341809052,1.4490891652434628,1.4615235937240996,2109009.0,32257482.0
2019-01-09,1.454828132234526,1.4863924506853734,1.4500456597419733,1.4510021542404838,2268620.0,34837768.0
2019-01-10,1.446219681747931,1.460567099225589,1.4280462862762309,1.4309157697717625,1624055.0,24510274.0
2019-01-11,1.4309157697717625,1.4490891652434628,1.4261332972792098,1.4471761762464417,1647580.0,24803880.0
2019-01-14,1.4452631872494204,1.473001527706226,1.440480714756868,1.473001527706226,3120655.0,47693356.0
2019-01-15,1.471088538709205,1.5648249995632375,1.4538716377360152,1.4978703846675,5229664.0,82161864.0
2019-01-16,1.5112613076466477,1.5256087251243056,1.483522967189842,1.483522967189842,3794909.0,59659156.0
2019-01-17,1.4806534836943104,1.4873489451838842,1.446219681747931,1.4471761762464417,2288450.0,34838144.0
2019-01-18,1.4538716377360152,1.46248008822261,1.4328287587687836,1.4500456597419733,1682630.0,25467630.0
2019-01-21,1.469175549712184,1.481609978192821,1.4557846267330365,1.4643930772196314,1684680.0,25800526.0
2019-01-22,1.4538716377360152,1.4930879121749472,1.4538716377360152,1.4796969891957998,3115542.0,48183488.0
2019-01-23,1.473001527706226,1.4825664726913315,1.454828132234526,1.4672625607151628,1587580.0,24348362.0
2019-01-24,1.4682190552136734,1.473001527706226,1.4490891652434628,1.4663060662166523,1706399.0,26104800.0
2019-01-25,1.456741121231547,1.473001527706226,1.4510021542404838,1.4519586487389942,1732310.0,26463744.0
2019-01-28,1.4500456597419733,1.4653495717181417,1.415611857795594,1.419437835789636,1653405.0,24861360.0
2019-01-29,1.4290027807747414,1.429959275273252,1.2883980894936926,1.3630046603775143,1878285.0,26732214.0
2019-01-30,1.3582221878849616,1.3744825943596408,1.3295273529296456,1.3304838474281562,1021510.0,14440582.0
2019-01-31,1.3304838474281562,1.3610916713804935,1.2252694525919972,1.262572738033908,2186800.0,29448194.0
2019-02-01,1.262572738033908,1.316136429950498,1.262572738033908,1.3103974629594348,1811640.0,24685238.0
2019-02-11,1.3132669464549664,1.365874143873046,1.3132669464549664,1.360135176881983,2036900.0,28837942.0
2019-02-12,1.3620481658790038,1.3773520778551724,1.3591786823834724,1.3649176493745354,1766190.0,25256166.0
2019-02-13,1.3649176493745354,1.4117858798015517,1.3630046603775143,1.396481967825383,2478640.0,35930224.0
2019-02-14,1.4060469128104884,1.4136988687985728,1.376395583356662,1.3916994953328305,2017442.0,29256404.0
2019-02-15,1.3878735173387884,1.4136988687985728,1.378308572353683,1.396481967825383,2179672.0,31872960.0
2019-02-18,1.401264440317936,1.4529151432375047,1.401264440317936,1.442393703753889,3551590.0,53096044.0
2019-02-19,1.4510021542404838,1.4557846267330365,1.4261332972792098,1.4414372092553784,3075112.0,46305424.0
2019-02-20,1.4356982422643152,1.4557846267330365,1.4261332972792098,1.440480714756868,2382022.0,35882816.0
2019-02-21,1.4490891652434628,1.473001527706226,1.4328287587687836,1.4385677257598466,3709332.0,56447800.0
2019-02-22,1.4203943302881465,1.4634365827211209,1.4184813412911255,1.46248008822261,3275530.0,49463648.0
2019-02-25,1.483522967189842,1.5294347031183477,1.4720450332077155,1.5208262526317529,6743312.0,105628936.0
2019-02-26,1.5208262526317529,1.5418691315989848,1.4806534836943104,1.4969138901689896,5875847.0,92736872.0
2019-02-27,1.4911749231779263,1.535173670109411,1.4902184286794158,1.5112613076466477,5068575.0,80304416.0
2019-02-28,1.5083918241511158,1.526565219622816,1.495957395670479,1.5122178021451582,2670035.0,42106320.0
2019-03-01,1.5083918241511158,1.526565219622816,1.5064788351540948,1.522739241628774,3049495.0,48361236.0
2019-03-04,1.5389996481034531,1.5609990215691956,1.5064788351540948,1.5236957361272845,5486785.0,88187208.0
2019-03-05,1.5198697581332423,1.553347065581111,1.5131742966436685,1.55143407658409,4912910.0,78926720.0
2019-03-06,1.576302933545364,1.669082899900886,1.5323041866138793,1.6021282850051486,9255730.0,154570848.0
2019-03-07,1.5877808675274905,1.6738653723934387,1.5590860325721745,1.627953636464933,8108595.0,136636960.0
2019-03-08,1.5963893180140853,1.6614309439128019,1.5112613076466477,1.514130791142179,7030265.0,117136168.0
2019-03-11,1.5208262526317529,1.6241276584708908,1.5198697581332423,1.5983023070111064,5715387.0,93699968.0
2019-03-12,1.5992588015096167,1.6882127898710966,1.5992588015096167,1.6681264054023757,10402972.0,179877696.0
2019-03-13,1.6451705374381225,1.6614309439128019,1.5916068455215326,1.6030847795036591,5710390.0,97543472.0
2019-03-14,1.5791724170408958,1.6260406474679119,1.547608098590048,1.5657814940617483,3531830.0,58421852.0
2019-03-15,1.576302933545364,1.6451705374381225,1.5543035600796218,1.6164757024828065,4050260.0,67628248.0
2019-03-18,1.6069107574977013,1.6824738228800336,1.5877808675274905,1.6786478448859914,8083860.0,139484416.0
2019-03-19,1.654735482423228,1.6738653723934387,1.6260406474679119,1.6442140429396122,5329920.0,91638304.0
2019-03-20,1.6470835264351436,1.6537789879247173,1.5858678785304692,1.6145627134857854,3852450.0,65123168.0
2019-03-21,1.6155192079842962,1.6394315704470594,1.6078672519962116,1.611693229990254,3423990.0,58047412.0
2019-03-22,1.6107367354917432,1.611693229990254,1.576302933545364,1.6107367354917432,2901917.0,48356292.0
2019-03-25,1.5485645930885585,1.5935198345185537,1.5409126371004742,1.5562165490766426,2839240.0,46614792.0
2019-03-26,1.5609990215691956,1.5849113840319589,1.5399561426019637,1.55143407658409,2498030.0,40823108.0
2019-03-27,1.5590860325721745,1.572476955551322,1.5112613076466477,1.5284782086198372,2366750.0,37966144.0
2019-03-28,1.53326068111239,1.545695109593027,1.4921314176764369,1.4950009011719685,2261500.0,35961784.0
2019-03-29,1.5007398681630315,1.5437821205960058,1.4873489451838842,1.5418691315989848,2576280.0,40878684.0
2019-04-01,1.5437821205960058,1.5820419005364272,1.5437821205960058,1.578215922542385,2956491.0,48539388.0
2019-04-02,1.578215922542385,1.588737362026001,1.5657814940617483,1.5676944830587694,2804860.0,46194816.0
2019-04-03,1.5734334500498324,1.7245595808144973,1.5676944830587694,1.7245595808144973,9403928.0,165645040.0
2019-04-04,1.7245595808144973,1.7389069982921552,1.6700393943993967,1.6815173283815228,11798045.0,209215120.0
2019-04-08,1.679604339384502,1.6910822733666284,1.6145627134857854,1.6356055924530175,7225779.0,124426080.0
2019-04-09,1.6375185814500384,1.702560207348755,1.6289101309634437,1.6805608338830125,8114971.0,142190960.0
2019-04-10,1.6442140429396122,1.6757783613904598,1.6078672519962116,1.6451705374381225,5675030.0,96946040.0
2019-04-11,1.6451705374381225,1.6451705374381225,1.5696074720557902,1.5734334500498324,3857860.0,64894460.0
2019-04-12,1.5715204610528113,1.5935198345185537,1.547608098590048,1.5696074720557902,2474987.0,40549420.0
2019-04-15,1.5935198345185537,1.6059542629991905,1.547608098590048,1.5523905710826007,2276565.0,37665252.0
2019-04-16,1.537086659106432,1.5935198345185537,1.537086659106432,1.592563340020043,2319410.0,38097320.0
2019-04-17,1.5810854060379167,1.613606218987275,1.5810854060379167,1.6049977685006802,2729814.0,45725692.0
2019-04-18,1.5954328235155748,1.6088237464947224,1.5743899445483431,1.576302933545364,2156525.0,35801900.0
2019-04-19,1.5916068455215326,1.5992588015096167,1.5552600545781323,1.5992588015096167,2108214.0,34774608.0
2019-04-22,1.720733602820455,1.720733602820455,1.6375185814500384,1.6403880649455698,8470697.0,148338000.0
2019-04-23,1.6537789879247173,1.6929952623636495,1.6423010539425913,1.6566484714202492,6700284.0,117131528.0
2019-04-24,1.6566484714202492,1.6643004274083333,1.588737362026001,1.6241276584708908,4616660.0,78057392.0
2019-04-25,1.6241276584708908,1.6480400209336543,1.5590860325721745,1.5858678785304692,3891387.0,65815144.0
2019-04-26,1.5686509775572797,1.5686509775572797,1.5303911976168583,1.55143407658409,2402742.0,39020732.0
2019-04-29,1.55143407658409,1.5600425270706848,1.469175549712184,1.4806534836943104,2320816.0,36576996.0
2019-04-30,1.4825664726913315,1.5208262526317529,1.4825664726913315,1.5112613076466477,1518984.0,23929196.0
2019-05-06,1.44430669275091,1.4634365827211209,1.360135176881983,1.360135176881983,3112217.0,45446144.0
2019-05-07,1.3639611548760249,1.401264440317936,1.3630046603775143,1.3955254733268727,1974891.0,28591856.0
2019-05-08,1.365874143873046,1.4165683522941044,1.3524832208938986,1.405090418311978,1596462.0,23274838.0
2019-05-09,1.3830910448462357,1.499783373664521,1.3830910448462357,1.4356982422643152,2555762.0,38356632.0
2019-05-10,1.473001527706226,1.4911749231779263,1.4108293853030411,1.4777840001987788,3230787.0,49424132.0
2019-05-13,1.454828132234526,1.5112613076466477,1.446219681747931,1.5074353296526053,2359152.0,36533556.0
2019-05-14,1.4739580222047366,1.501696362661542,1.469175549712184,1.481609978192821,1846947.0,28595676.0
2019-05-15,1.483522967189842,1.499783373664521,1.4787404946972893,1.4950009011719685,1549267.0,24162450.0
2019-05-16,1.4873489451838842,1.510304813148137,1.471088538709205,1.4930879121749472,1643790.0,25653712.0
2019-05-17,1.531347692115369,1.5858678785304692,1.4921314176764369,1.4940444066734577,4142265.0,66872208.0
2019-05-20,1.5122178021451582,1.5294347031183477,1.4452631872494204,1.5064788351540948,2070170.0,32214866.0
2019-05-21,1.5064788351540948,1.5275217141213266,1.485435956186863,1.524652230625795,1805320.0,28582760.0
2019-05-22,1.545695109593027,1.5466516040915375,1.4643930772196314,1.4825664726913315,2355235.0,36873828.0
2019-05-23,1.4720450332077155,1.4720450332077155,1.4041339238134674,1.415611857795594,1919670.0,28795956.0
2019-05-24,6.441033963784476,7.0690871130158985,6.343336807237366,7.0690871130158985,8671424.0,87115464.0
2019-05-27,6.978368324793581,7.77390231382005,6.908584641545645,7.299373267734087,21230550.0,224886560.0
2019-05-28,6.936498114844819,7.745988840520875,6.8457793266225035,7.459875739204338,19156482.0,196302528.0
2019-05-29,7.187719374537389,7.759945577170462,7.1109573229646585,7.5505945274266555,20708592.0,221725856.0
2019-05-30,7.383113687631609,7.508724317477894,7.124914059614247,7.215632847836563,12350630.0,128672872.0
2019-05-31,7.03419527139193,7.166784269563007,6.852757694947297,7.0830438496654855,9510694.0,96189872.0
2019-06-03,6.999303429767962,7.03419527139193,6.378228648861334,6.559666225305967,12236394.0,116193904.0
2019-06-04,6.559666225305967,6.6154931719043155,6.4200988588100945,6.56664459363076,6246882.0,58385540.0
2019-06-05,6.580601330280347,6.803909116673742,6.461969068758856,6.6154931719043155,7476014.0,71368224.0
2019-06-06,6.6154931719043155,6.6224715402291086,6.1967910724167,6.287509860639017,6080738.0,55127984.0
2019-06-10,6.350315175562159,6.4200988588100945,6.287509860639017,6.3852070171861275,3428556.0,31247374.0
2019-06-11,6.4200988588100945,6.587579698605141,6.308444965613397,6.573622961955554,5831414.0,54110384.0
2019-06-12,6.54570948865638,6.66434175017787,6.489882542058031,6.538731120331585,4770108.0,44898612.0
2019-06-13,6.489882542058031,6.685276855152251,6.454990700434062,6.587579698605141,4391302.0,41387120.0
2019-06-14,6.594558066929934,6.6364282768786955,6.322401702262985,6.322401702262985,4302884.0,39740776.0
2019-06-17,6.301466597288603,6.531752752006792,6.287509860639017,6.3852070171861275,2351656.0,21537760.0
2019-06-18,6.3852070171861275,6.699233591801838,6.29448822896381,6.531752752006792,4266104.0,39617312.0
2019-06-19,6.6434066452034894,6.6503850135282825,6.503839278707618,6.538731120331585,4999360.0,47079048.0
2019-06-20,6.510817647032411,6.6015364352547286,6.3921853855109205,6.538731120331585,4169232.0,38829068.0
2019-06-21,6.54570948865638,6.6573633818530755,6.538731120331585,6.608514803579522,5617424.0,53249368.0
2019-06-24,6.608514803579522,6.6573633818530755,6.496860910382824,6.531752752006792,3268424.0,30677478.0
2019-06-25,6.6434066452034894,6.6503850135282825,6.4200988588100945,6.510817647032411,2896204.0,27052612.0
2019-06-26,6.468947437083649,6.6154931719043155,6.399163753835714,6.489882542058031,1914733.0,17848102.0
2019-06-27,6.503839278707618,6.552687856981173,6.4200988588100945,6.54570948865638,3631356.0,33812264.0
2019-06-28,6.6364282768786955,6.6364282768786955,6.441033963784476,6.531752752006792,3907632.0,36681112.0
2019-07-01,6.580601330280347,6.685276855152251,6.538731120331585,6.685276855152251,6340036.0,60234480.0
2019-07-02,6.6364282768786955,6.6503850135282825,6.538731120331585,6.6015364352547286,4215896.0,39815316.0
2019-07-03,6.594558066929934,6.594558066929934,6.427077227134889,6.461969068758856,2702244.0,25080228.0
2019-07-04,6.461969068758856,6.496860910382824,6.364271912211746,6.3921853855109205,2080452.0,19112362.0
2019-07-05,6.378228648861334,6.496860910382824,6.364271912211746,6.475925805408443,2141512.0,19791932.0
2019-07-08,6.4200988588100945,6.448012332109269,6.1618992307927325,6.203769440741494,3043046.0,27226848.0
2019-07-09,6.1967910724167,6.357293543886952,6.154920862467939,6.308444965613397,1712324.0,15279378.0
2019-07-10,6.259596387339843,6.280531492314223,6.1967910724167,6.217726177391081,1273000.0,11367436.0
2019-07-11,6.224704545715874,6.287509860639017,6.1758559674423195,6.1967910724167,1190460.0,10643127.0
2019-07-12,6.245639650690255,6.266574755664636,6.1688775991175255,6.210747809066287,863420.0,7673717.5
2019-07-15,6.217726177391081,6.29448822896381,6.113050652519177,6.245639650690255,1658654.0,14747923.0
2019-07-16,6.245639650690255,6.252618019015049,6.210747809066287,6.238661282365461,1034114.0,9238309.0
2019-07-17,6.224704545715874,6.301466597288603,6.210747809066287,6.259596387339843,1245948.0,11189827.0
2019-07-18,6.259596387339843,6.259596387339843,6.133985757493558,6.133985757493558,1274794.0,11263214.0
2019-07-19,6.127007389168764,6.217726177391081,6.127007389168764,6.154920862467939,977752.0,8649046.0
2019-07-22,6.154920862467939,6.189812704091906,5.540824449886104,5.82693755120264,1760728.0,14786850.0
2019-07-23,5.82693755120264,5.910677971100164,5.80600244622826,5.868807761151402,764548.0,6424000.5
2019-07-24,5.896721234450576,6.001396759322479,5.889742866125783,5.973483286023306,1612520.0,13785023.0
2019-07-25,5.966504917698512,5.987440022672893,5.9036996027753705,5.9455698127241305,1130720.0,9614094.0
2019-07-26,5.9525481810489245,5.994418390997686,5.9036996027753705,5.9316130760745445,1007332.0,8567110.0
2019-07-29,5.9316130760745445,6.524774383681998,5.868807761151402,6.350315175562159,8320314.0,75714568.0
2019-07-30,6.210747809066287,6.454990700434062,6.1688775991175255,6.252618019015049,5286610.0,47734008.0
2019-07-31,6.1758559674423195,6.245639650690255,6.113050652519177,6.133985757493558,2991660.0,26380994.0
2019-08-01,6.085137179220004,6.133985757493558,6.057223705920828,6.106072284194384,1746116.0,15235919.0
2019-08-02,6.022331864296861,6.022331864296861,5.82693755120264,5.882764497800989,2478472.0,21031012.0
2019-08-05,5.847872656177022,5.973483286023306,5.819959182877847,5.9036996027753705,1549830.0,13145227.0
2019-08-06,5.80600244622826,5.889742866125783,5.519889344911723,5.652478343082801,2829192.0,22890084.0
2019-08-07,5.687370184706769,5.771110604604291,5.603629764809245,5.645499974758007,1349416.0,10955236.0
2019-08-08,5.652478343082801,5.7152836580059425,5.631543238108421,5.7013269213563555,1235884.0,10068755.0
2019-08-09,5.7083052896811495,5.750175499629911,5.547802818210897,5.603629764809245,1546972.0,12511916.0
2019-08-12,5.582694659834865,5.6943485530315625,5.554781186535691,5.687370184706769,1251467.0,10076926.0
2019-08-13,5.645499974758007,5.645499974758007,5.554781186535691,5.575716291510072,1061292.0,8514097.0
2019-08-14,5.617586501458834,5.6943485530315625,5.617586501458834,5.659456711407594,1453700.0,11778586.0
2019-08-15,5.575716291510072,5.6734134480571825,5.512910976586929,5.666435079732388,1441704.0,11533338.0
2019-08-16,5.666435079732388,5.750175499629911,5.631543238108421,5.687370184706769,1605456.0,13104057.0
2019-08-19,5.729240394655531,5.812980814553053,5.6734134480571825,5.812980814553053,2532328.0,20921088.0
2019-08-20,5.80600244622826,6.1688775991175255,5.778088972929085,5.9316130760745445,3998828.0,34385728.0
2019-08-21,5.840894287852227,5.994418390997686,5.840894287852227,5.980461654348099,2697804.0,22926524.0
2019-08-22,5.987440022672893,6.015353495972066,5.896721234450576,5.9316130760745445,1745140.0,14842263.0
2019-08-23,5.9455698127241305,5.980461654348099,5.854851024501815,5.854851024501815,1719660.0,14595991.0
2019-08-26,5.729240394655531,5.9036996027753705,5.6943485530315625,5.854851024501815,1728148.0,14376947.0
2019-08-27,5.889742866125783,6.029310232621655,5.889742866125783,5.9316130760745445,2867035.0,24497552.0
2019-08-28,5.9385914443993375,6.008375127647273,5.896721234450576,5.9595265493737175,1873848.0,15997735.0
2019-08-29,5.987440022672893,6.008375127647273,5.875786129476196,5.896721234450576,1532816.0,13000039.0
2019-08-30,5.9455698127241305,5.9455698127241305,5.722262026330736,5.778088972929085,1727584.0,14435691.0
2019-09-02,5.736218762980324,5.896721234450576,5.736218762980324,5.889742866125783,1717412.0,14383618.0
2019-09-03,5.9385914443993375,5.9385914443993375,5.82693755120264,5.889742866125783,1729752.0,14558010.0
2019-09-04,5.882764497800989,5.966504917698512,5.840894287852227,5.9316130760745445,2356216.0,19937200.0
2019-09-05,5.994418390997686,6.050245337596035,5.9316130760745445,5.980461654348099,3455212.0,29662102.0
2019-09-06,5.987440022672893,6.071180442570415,5.9246347077497505,5.980461654348099,2404856.0,20611170.0
2019-09-09,5.973483286023306,6.07815881089521,5.9455698127241305,6.071180442570415,4763283.0,41081516.0
2019-09-10,6.064202074245622,6.4061421221605075,6.022331864296861,6.210747809066287,7006264.0,62298328.0
2019-09-11,6.1688775991175255,6.1758559674423195,6.07815881089521,6.07815881089521,3798698.0,33259068.0
2019-09-12,6.113050652519177,6.133985757493558,6.022331864296861,6.071180442570415,2000144.0,17373598.0
2019-09-16,6.085137179220004,6.1967910724167,6.07815881089521,6.106072284194384,2817218.0,24717042.0
2019-09-17,6.071180442570415,6.133985757493558,5.833915919527434,5.882764497800989,2999226.0,25537560.0
2019-09-18,5.882764497800989,5.9246347077497505,5.854851024501815,5.910677971100164,1380512.0,11671125.0
2019-09-19,5.9316130760745445,6.036288600946448,5.910677971100164,6.022331864296861,2021520.0,17328064.0
2019-09-20,6.057223705920828,6.133985757493558,5.994418390997686,6.057223705920828,2963376.0,25825192.0
2019-09-23,6.071180442570415,6.203769440741494,6.001396759322479,6.1758559674423195,5014864.0,44070584.0
2019-09-24,6.127007389168764,6.203769440741494,6.064202074245622,6.203769440741494,3829404.0,33693896.0
2019-09-25,6.1967910724167,6.1967910724167,5.9525481810489245,6.001396759322479,2953236.0,25580678.0
2019-09-26,6.036288600946448,6.6015364352547286,6.022331864296861,6.6015364352547286,12814652.0,120262056.0
2019-09-27,7.264481426110118,7.264481426110118,6.908584641545645,7.201676111186976,41091568.0,425028736.0
2019-09-30,6.482904173733236,6.482904173733236,6.482904173733236,6.482904173733236,3155800.0,29317382.0
2019-10-08,5.833915919527434,6.127007389168764,5.833915919527434,5.833915919527434,30202606.0,254608128.0
2019-10-09,5.631543238108421,5.792045709578673,5.596651396484452,5.722262026330736,12347828.0,100561240.0
2019-10-10,5.7083052896811495,5.764132236279498,5.659456711407594,5.729240394655531,8735372.0,71475112.0
2019-10-11,5.722262026330736,5.729240394655531,5.617586501458834,5.666435079732388,7307312.0,59331864.0
2019-10-14,5.6734134480571825,5.82693755120264,5.6734134480571825,5.792045709578673,8692086.0,71528616.0
2019-10-15,5.9176563394249575,5.9176563394249575,5.757153867954704,5.847872656177022,11017546.0,92325344.0
2019-10-16,5.799024077903466,5.861829392826609,5.750175499629911,5.785067341253878,6009584.0,49975672.0
2019-10-17,5.736218762980324,5.833915919527434,5.736218762980324,5.764132236279498,4051440.0,33566896.0
2019-10-18,5.757153867954704,5.785067341253878,5.631543238108421,5.687370184706769,5102806.0,41740260.0
2019-10-21,5.687370184706769,5.687370184706769,5.596651396484452,5.6734134480571825,2616936.0,21138762.0
2019-10-22,5.6734134480571825,5.736218762980324,5.666435079732388,5.7083052896811495,2475124.0,20208896.0
2019-10-23,5.722262026330736,5.722262026330736,5.645499974758007,5.652478343082801,2826340.0,23021052.0
2019-10-24,5.638521606433214,5.6943485530315625,5.624564869783627,5.652478343082801,2044624.0,16561194.0
2019-10-25,5.652478343082801,5.687370184706769,5.617586501458834,5.6803918163819755,2594180.0,21004944.0
2019-10-28,5.7083052896811495,5.994418390997686,5.617586501458834,5.847872656177022,6587348.0,55125508.0
2019-10-29,5.812980814553053,5.840894287852227,5.7013269213563555,5.722262026330736,4002512.0,33070308.0
2019-10-30,5.722262026330736,5.736218762980324,5.624564869783627,5.645499974758007,2673470.0,21676190.0
2019-10-31,5.652478343082801,5.6734134480571825,5.533846081561309,5.540824449886104,3028848.0,24329682.0
2019-11-01,5.638521606433214,5.666435079732388,5.540824449886104,5.631543238108421,2124912.0,17118144.0
2019-11-04,5.631543238108421,5.6943485530315625,5.617586501458834,5.631543238108421,1825640.0,14808392.0
2019-11-05,5.652478343082801,5.652478343082801,5.540824449886104,5.638521606433214,2796242.0,22481772.0
2019-11-06,5.603629764809245,5.652478343082801,5.575716291510072,5.582694659834865,1929960.0,15479676.0
2019-11-07,5.582694659834865,5.624564869783627,5.561759554860484,5.603629764809245,1327180.0,10641868.0
2019-11-08,5.603629764809245,5.638521606433214,5.596651396484452,5.610608133134039,1814472.0,14614452.0
2019-11-11,5.617586501458834,5.785067341253878,5.589673028159658,5.645499974758007,5803572.0,47357636.0
2019-11-12,5.582694659834865,5.638521606433214,5.422192188364613,5.533846081561309,3649194.0,28877728.0
2019-11-13,5.498954239937342,5.519889344911723,5.422192188364613,5.429170556689407,2639332.0,20600206.0
2019-11-14,5.429170556689407,5.4710407666381675,5.422192188364613,5.450105661663787,1707378.0,13318816.0
2019-11-15,5.4640623983133745,5.4640623983133745,5.268668085219153,5.324495031817502,2263904.0,17522298.0
2019-11-18,5.331473400142296,5.394278715065439,5.331473400142296,5.394278715065439,1288326.0,9907886.0
2019-11-19,5.373343610091058,5.4710407666381675,5.373343610091058,5.450105661663787,2227848.0,17354306.0
2019-11-20,5.4570840299885806,5.533846081561309,5.443127293338994,5.4570840299885806,2232720.0,17527830.0
2019-11-21,5.4361489250142,5.4570840299885806,5.380321978415851,5.422192188364613,1149080.0,8918338.0
2019-11-22,5.4640623983133745,5.491975871612548,5.401257083390232,5.443127293338994,1798860.0,14062675.0
2019-11-25,5.415213820039819,5.443127293338994,5.317516663492709,5.345430136791883,1820660.0,13970335.0
2019-11-26,5.394278715065439,5.394278715065439,5.345430136791883,5.373343610091058,821512.0,6319493.5
2019-11-27,5.373343610091058,5.373343610091058,5.310538295167915,5.33845176846709,1174700.0,8972269.0
2019-11-28,5.35938687344147,5.35938687344147,5.289603190193534,5.310538295167915,1509312.0,11483740.0
2019-11-29,5.324495031817502,5.331473400142296,5.275646453543947,5.303559926843121,1123944.0,8538589.0
2019-12-02,5.282624821868741,5.35938687344147,5.282624821868741,5.310538295167915,1109384.0,8450655.0
2019-12-03,5.268668085219153,5.373343610091058,5.2407546119199795,5.366365241766264,1185720.0,9062017.0
2019-12-04,5.331473400142296,5.415213820039819,5.317516663492709,5.401257083390232,1523520.0,11776655.0
2019-12-05,5.4361489250142,5.4361489250142,5.394278715065439,5.415213820039819,1738476.0,13492173.0
2019-12-06,5.4570840299885806,5.910677971100164,5.429170556689407,5.7152836580059425,10935656.0,90091664.0
2019-12-09,5.652478343082801,5.9316130760745445,5.568737923185278,5.847872656177022,10674444.0,87984840.0
2019-12-10,5.80600244622826,5.819959182877847,5.6803918163819755,5.750175499629911,6167808.0,50686392.0
2019-12-11,5.743197131305117,5.743197131305117,5.603629764809245,5.631543238108421,4970476.0,40165576.0
2019-12-12,5.589673028159658,5.659456711407594,5.568737923185278,5.638521606433214,3271186.0,26333354.0
2019-12-13,5.666435079732388,5.687370184706769,5.617586501458834,5.638521606433214,3368630.0,27256648.0
2019-12-16,5.666435079732388,5.7083052896811495,5.582694659834865,5.7083052896811495,3986798.0,32275226.0
2019-12-17,5.722262026330736,5.792045709578673,5.6943485530315625,5.764132236279498,5055980.0,41586016.0
2019-12-18,5.736218762980324,6.1688775991175255,5.722262026330736,5.987440022672893,13285882.0,113123656.0
2019-12-19,6.036288600946448,6.120029020843971,5.9036996027753705,6.036288600946448,8803662.0,75597760.0
2019-12-20,5.987440022672893,6.043266969271241,5.896721234450576,5.896721234450576,5163192.0,44020836.0
2019-12-23,5.9246347077497505,6.489882542058031,5.833915919527434,6.133985757493558,18562576.0,166674336.0
2019-12-24,6.043266969271241,6.6015364352547286,5.987440022672893,6.4200988588100945,20965368.0,190307104.0
2019-12-25,6.259596387339843,6.4061421221605075,6.1688775991175255,6.315423333938192,13098106.0,117643504.0
2019-12-26,6.280531492314223,6.280531492314223,6.085137179220004,6.154920862467939,10466888.0,92291952.0
2019-12-27,6.154920862467939,6.4200988588100945,6.092115547544797,6.280531492314223,11765406.0,105730968.0
2019-12-30,6.210747809066287,6.252618019015049,5.9525481810489245,6.050245337596035,7853644.0,68204760.0
2019-12-31,5.987440022672893,6.085137179220004,5.9246347077497505,5.980461654348099,5808574.0,49824044.0
2020-01-02,6.008375127647273,6.09909391586959,6.001396759322479,6.07815881089521,7063640.0,61266280.0
2020-01-03,6.057223705920828,6.120029020843971,6.036288600946448,6.071180442570415,5739432.0,49926912.0
2020-01-06,5.980461654348099,6.1688775991175255,5.9525481810489245,6.154920862467939,7250078.0,62964308.0
2020-01-07,6.106072284194384,6.189812704091906,6.106072284194384,6.1758559674423195,5920054.0,52204172.0
2020-01-08,6.140964125818352,6.140964125818352,5.9455698127241305,5.9455698127241305,6988822.0,60342752.0
2020-01-09,5.980461654348099,6.057223705920828,5.973483286023306,6.001396759322479,4197544.0,36132376.0
2020-01-10,6.001396759322479,6.399163753835714,5.980461654348099,6.238661282365461,12948316.0,115597064.0
2020-01-13,6.1828343357671125,6.280531492314223,6.133985757493558,6.266574755664636,6160460.0,54741932.0
2020-01-14,6.266574755664636,6.308444965613397,6.1479424941431455,6.203769440741494,5520806.0,49159064.0
2020-01-15,6.1618992307927325,6.4061421221605075,6.1618992307927325,6.3712502805365405,10383663.0,94163016.0
2020-01-16,6.315423333938192,6.399163753835714,6.189812704091906,6.238661282365461,6845338.0,61390260.0
2020-01-17,6.203769440741494,6.252618019015049,6.043266969271241,6.092115547544797,5214359.0,45818184.0
2020-01-20,6.071180442570415,6.133985757493558,5.987440022672893,6.106072284194384,3277252.0,28435294.0
2020-01-21,6.106072284194384,6.106072284194384,5.9246347077497505,5.9316130760745445,4001823.0,34435252.0
2020-01-22,5.9176563394249575,6.057223705920828,5.896721234450576,6.015353495972066,3210040.0,27605344.0
2020-01-23,5.9385914443993375,6.036288600946448,5.603629764809245,5.729240394655531,4751520.0,39793936.0
2020-02-03,5.157014192022456,5.157014192022456,5.157014192022456,5.157014192022456,676600.0,5000074.0
2020-02-04,4.640614935987732,4.975576615577824,4.640614935987732,4.919749668979475,6139051.0,42748044.0
2020-02-05,4.926728037304268,5.212841138620805,4.912771300654681,5.059317035475346,4511694.0,32804132.0
2020-02-06,5.024425193851378,5.170970928672044,5.0104684572017915,5.150035823697663,4331747.0,31695940.0
2020-02-07,5.129100718723282,5.212841138620805,5.073273772124933,5.177949296996837,3851872.0,28355556.0
2020-02-10,5.150035823697663,5.282624821868741,5.087230508774521,5.268668085219153,4006468.0,29800808.0
2020-02-11,5.289603190193534,5.303559926843121,5.205862770296012,5.212841138620805,3089016.0,23188070.0
2020-02-12,5.205862770296012,5.345430136791883,5.177949296996837,5.324495031817502,3557584.0,26930216.0
2020-02-13,5.33845176846709,5.401257083390232,5.26168971689436,5.268668085219153,3761380.0,28610044.0
2020-02-14,5.268668085219153,5.289603190193534,5.198884401971219,5.2477329802447725,2693672.0,20243064.0
2020-02-17,5.233776243595186,5.408235451715026,5.212841138620805,5.401257083390232,4529060.0,34769296.0
2020-02-18,5.422192188364613,5.568737923185278,5.387300346740645,5.540824449886104,3972176.0,31195912.0
2020-02-19,5.533846081561309,5.687370184706769,5.4710407666381675,5.554781186535691,5029616.0,40204728.0
2020-02-20,5.533846081561309,5.6734134480571825,5.519889344911723,5.638521606433214,4732665.0,38079940.0
2020-02-21,5.7013269213563555,5.966504917698512,5.7013269213563555,5.812980814553053,8246530.0,69198176.0
2020-02-24,5.792045709578673,5.9455698127241305,5.7152836580059425,5.9246347077497505,6305613.0,52981876.0
2020-02-25,5.785067341253878,5.861829392826609,5.568737923185278,5.792045709578673,6395294.0,52713540.0
2020-02-26,5.7152836580059425,5.9036996027753705,5.652478343082801,5.785067341253878,6407158.0,53501384.0
2020-02-27,5.875786129476196,5.889742866125783,5.687370184706769,5.722262026330736,4816663.0,39722848.0
2020-02-28,5.645499974758007,5.645499974758007,5.303559926843121,5.324495031817502,6045392.0,47092720.0
2020-03-02,5.415213820039819,5.568737923185278,5.373343610091058,5.547802818210897,5031273.0,39675676.0
2020-03-03,5.638521606433214,5.812980814553053,5.554781186535691,5.638521606433214,7488738.0,61036284.0
2020-03-04,5.596651396484452,5.722262026330736,5.575716291510072,5.6734134480571825,3887472.0,31417190.0
2020-03-05,5.7083052896811495,5.82693755120264,5.687370184706769,5.819959182877847,6987508.0,57758172.0
2020-03-06,5.743197131305117,6.127007389168764,5.6803918163819755,5.910677971100164,11863499.0,100642768.0
2020-03-09,5.736218762980324,5.812980814553053,5.603629764809245,5.652478343082801,7224348.0,59056256.0
2020-03-10,5.512910976586929,5.80600244622826,5.484997503287755,5.799024077903466,7083708.0,57584720.0
2020-03-11,5.812980814553053,5.9036996027753705,5.652478343082801,5.666435079732388,6022164.0,49889760.0
2020-03-12,5.561759554860484,5.687370184706769,5.498954239937342,5.533846081561309,4399644.0,35153012.0
2020-03-13,5.184927665321631,5.387300346740645,5.101187245424108,5.331473400142296,6715384.0,50522140.0
2020-03-16,5.373343610091058,5.491975871612548,5.087230508774521,5.115143982073695,4702600.0,35948820.0
2020-03-17,5.129100718723282,5.2407546119199795,4.8918361956803,5.073273772124933,3918420.0,28332146.0
2020-03-18,5.108165613748902,5.582694659834865,5.087230508774521,5.582694659834865,17386140.0,136321584.0
2020-03-19,5.4570840299885806,5.80600244622826,5.4570840299885806,5.80600244622826,18351848.0,147335504.0
2020-03-20,5.792045709578673,5.9036996027753705,5.582694659834865,5.7013269213563555,13597452.0,111530048.0
2020-03-23,5.505932608262135,5.505932608262135,5.212841138620805,5.317516663492709,10329245.0,79438888.0
2020-03-24,5.4710407666381675,5.847872656177022,5.33845176846709,5.847872656177022,12676176.0,105099328.0
2020-03-25,6.1758559674423195,6.434055595459682,5.833915919527434,5.9525481810489245,30815478.0,270507776.0
2020-03-26,5.82693755120264,6.54570948865638,5.82693755120264,6.54570948865638,43879376.0,403004480.0
2020-03-27,6.224704545715874,6.287509860639017,5.889742866125783,6.140964125818352,35279304.0,308305344.0
2020-03-30,5.910677971100164,6.057223705920828,5.82693755120264,6.008375127647273,14610328.0,124984464.0
2020-03-31,6.050245337596035,6.09909391586959,5.484997503287755,5.505932608262135,20595654.0,169887024.0
2020-04-01,5.512910976586929,5.624564869783627,5.33845176846709,5.387300346740645,12546920.0,98643824.0
2020-04-02,5.310538295167915,5.533846081561309,5.26168971689436,5.519889344911723,9813589.0,76084240.0
2020-04-03,5.484997503287755,5.568737923185278,5.366365241766264,5.380321978415851,8696570.0,67843880.0
2020-04-07,5.484997503287755,5.561759554860484,5.415213820039819,5.561759554860484,10210294.0,80204736.0
2020-04-08,5.519889344911723,5.638521606433214,5.498954239937342,5.610608133134039,9697198.0,77457584.0
2020-04-09,5.610608133134039,5.750175499629911,5.610608133134039,5.638521606433214,9635672.0,78336192.0
2020-04-10,5.638521606433214,5.666435079732388,5.380321978415851,5.429170556689407,9771626.0,76689344.0
2020-04-13,5.373343610091058,5.4570840299885806,5.268668085219153,5.282624821868741,5172100.0,39446472.0
2020-04-14,5.296581558518328,5.387300346740645,5.296581558518328,5.387300346740645,3905282.0,29910282.0
2020-04-15,5.429170556689407,5.429170556689407,5.2547113485695665,5.289603190193534,5362660.0,40973504.0
2020-04-16,5.2477329802447725,5.317516663492709,5.184927665321631,5.310538295167915,3795253.0,28555844.0
2020-04-17,5.324495031817502,5.387300346740645,5.2407546119199795,5.2547113485695665,4469020.0,34065384.0
2020-04-20,5.268668085219153,5.33845176846709,5.233776243595186,5.331473400142296,3008140.0,22754132.0
2020-04-21,5.324495031817502,5.324495031817502,5.212841138620805,5.2547113485695665,2804496.0,21070410.0
2020-04-22,5.33845176846709,5.778088972929085,5.303559926843121,5.603629764809245,17052200.0,137120320.0
2020-04-23,5.4640623983133745,5.512910976586929,5.394278715065439,5.450105661663787,9968795.0,77883120.0
2020-04-24,5.4570840299885806,5.505932608262135,5.2477329802447725,5.282624821868741,5919279.0,45187468.0
2020-04-27,5.296581558518328,5.324495031817502,5.191906033646425,5.198884401971219,3860300.0,29124604.0
2020-04-28,5.233776243595186,5.2477329802447725,4.787160670808397,5.052338667150553,4906160.0,35207920.0
2020-04-29,4.982554983902617,5.087230508774521,4.96859824725303,4.9965117205522045,2574992.0,18516636.0
2020-04-30,5.038381930500965,5.136079087048076,5.038381930500965,5.129100718723282,3159814.0,23071148.0
2020-05-06,5.094208877099314,5.184927665321631,5.06629540380014,5.177949296996837,3358299.0,24715698.0
2020-05-07,5.150035823697663,5.191906033646425,5.101187245424108,5.115143982073695,3109597.0,22850286.0
2020-05-08,5.157014192022456,5.198884401971219,5.136079087048076,5.177949296996837,2665012.0,19767344.0
2020-05-11,5.212841138620805,5.2198195069455995,5.122122350398489,5.157014192022456,2798696.0,20737010.0
2020-05-12,5.26168971689436,5.638521606433214,5.26168971689436,5.345430136791883,8950316.0,69240112.0
2020-05-13,5.26168971689436,5.317516663492709,5.177949296996837,5.26168971689436,4895326.0,36688860.0
2020-05-14,5.177949296996837,5.198884401971219,5.108165613748902,5.136079087048076,3446844.0,25467956.0
2020-05-15,5.157014192022456,5.212841138620805,5.129100718723282,5.170970928672044,2698856.0,19989194.0
2020-05-18,5.177949296996837,5.198884401971219,4.954641510603443,5.136079087048076,2405930.0,17682582.0
2020-05-19,5.157014192022456,5.2198195069455995,5.157014192022456,5.177949296996837,2361060.0,17533354.0
2020-05-20,5.150035823697663,5.184927665321631,5.108165613748902,5.184927665321631,2562196.0,18885908.0
2020-05-21,5.198884401971219,5.2198195069455995,5.136079087048076,5.157014192022456,2181592.0,16142069.0
2020-05-22,5.157014192022456,5.177949296996837,5.052338667150553,5.059317035475346,2157456.0,15801514.0
2020-05-25,5.017446825526585,5.094208877099314,5.0104684572017915,5.052338667150553,1520981.0,10977729.0
2020-05-26,5.087230508774521,5.14305745537287,5.024425193851378,5.094208877099314,2843737.0,20751584.0
2020-05-27,5.108165613748902,5.108165613748902,5.0104684572017915,5.031403562176172,2281000.0,16485265.0
2020-05-28,5.045360298825759,5.059317035475346,4.919749668979475,5.0034900888769975,2154460.0,15406387.0
2020-05-29,5.0034900888769975,5.017446825526585,4.940684773953856,4.9965117205522045,1503148.0,10755581.0
2020-06-01,4.9965117205522045,5.129100718723282,4.982554983902617,5.094208877099314,2818654.0,20461702.0
2020-06-02,5.094208877099314,5.184927665321631,5.052338667150553,5.163992560347251,3320748.0,24509310.0
2020-06-03,5.163992560347251,5.191906033646425,5.108165613748902,5.163992560347251,3399112.0,25102404.0
2020-06-04,5.157014192022456,5.163992560347251,5.101187245424108,5.136079087048076,2064760.0,15159496.0
2020-06-05,5.136079087048076,5.184927665321631,5.073273772124933,5.115143982073695,2133689.0,15680876.0
2020-06-08,5.157014192022456,5.26168971689436,5.122122350398489,5.2198195069455995,3855260.0,28652446.0
2020-06-09,5.205862770296012,5.2477329802447725,5.150035823697663,5.205862770296012,2340098.0,17396290.0
2020-06-10,5.198884401971219,5.198884401971219,5.108165613748902,5.14305745537287,1431675.0,10545672.0
2020-06-11,5.177949296996837,5.177949296996837,5.108165613748902,5.115143982073695,1647208.0,12143312.0
2020-06-12,5.0104684572017915,5.094208877099314,4.989533352227411,5.073273772124933,1517560.0,10969047.0
2020-06-15,5.059317035475346,5.129100718723282,5.024425193851378,5.059317035475346,1834124.0,13353472.0
2020-06-16,5.346527169149459,5.390713344101108,5.346527169149459,5.390713344101108,1520373.0,11093650.0
2020-06-17,5.39807770659305,5.4201707940688735,5.339162806657518,5.39807770659305,1727359.0,12593426.0
2020-06-18,5.375984619117225,5.427535156560815,5.339162806657518,5.4201707940688735,2068429.0,15125372.0
2020-06-19,5.390713344101108,5.442263881544697,5.390713344101108,5.412806431576932,1930702.0,14200199.0
2020-06-22,5.4201707940688735,5.464356969020522,5.39807770659305,5.442263881544697,2348516.0,17319394.0
2020-06-23,5.471721331512463,5.471721331512463,5.339162806657518,5.3538915316414,2492500.0,18215600.0
2020-06-24,5.339162806657518,5.368620256625284,5.2802479067219865,5.29497663170587,1848804.0,13329340.0
2020-06-29,5.29497663170587,5.317069719181694,5.250790456754221,5.302340994197811,1161757.0,8328306.0
2020-06-30,5.317069719181694,5.3538915316414,5.302340994197811,5.331798444165576,1585148.0,11486191.0
2020-07-01,5.331798444165576,5.368620256625284,5.302340994197811,5.317069719181694,1900720.0,13766793.0
2020-07-02,5.324434081673635,5.427535156560815,5.302340994197811,5.412806431576932,2942931.0,21538196.0
2020-07-03,5.4201707940688735,5.501178781480228,5.39807770659305,5.479085694004405,4055605.0,30039628.0
2020-07-06,5.530636231447994,5.670559118794881,5.493814418988287,5.641101668827115,7332348.0,55694272.0
2020-07-07,5.692652206270706,5.8399394561095335,5.538000593939936,5.751567106206236,9717343.0,75231672.0
2020-07-08,5.700016568762647,5.825210731125651,5.66319475630294,5.825210731125651,8216036.0,64210016.0
2020-07-09,5.832575093617592,5.935676168504772,5.788388918665944,5.935676168504772,7962318.0,63509544.0
2020-07-10,5.935676168504772,6.1492426807710725,5.854668181093416,5.876761268569241,8592752.0,70121864.0
2020-07-13,5.884125631061182,6.208157580706604,5.876761268569241,6.127149593295249,7534059.0,62224156.0
2020-07-14,6.097692143327482,6.3996310054970795,6.046141605883894,6.1787001307388385,13424154.0,113243184.0
2020-07-15,6.112420868311366,6.13451395578719,5.906218718537006,5.928311806012831,6289935.0,51241288.0
2020-07-16,5.928311806012831,5.972497980964478,5.685287843778764,5.692652206270706,4325111.0,34229264.0
2020-07-17,5.7294740187304125,5.781024556174002,5.596915493875467,5.692652206270706,2962952.0,22895054.0
2020-07-20,5.744202743714295,5.847303818601475,5.7294740187304125,5.825210731125651,3789104.0,29869792.0
2020-07-21,5.8399394561095335,5.884125631061182,5.773660193682061,5.803117643649826,2469871.0,19514438.0
2020-07-22,5.803117643649826,5.8399394561095335,5.7589314686981785,5.773660193682061,3243236.0,25564384.0
2020-07-23,5.76629583119012,5.76629583119012,5.567458043907701,5.736838381222354,4288267.0,32994574.0
2020-07-24,5.714745293746529,5.803117643649826,5.508543143972171,5.530636231447994,3992496.0,30576186.0
2020-07-27,5.4496282440366395,5.582186768891584,5.4496282440366395,5.552729318923819,2171800.0,16300615.0
2020-07-28,5.574822406399643,5.648466031319057,5.538000593939936,5.604279856367409,1879060.0,14276503.0
2020-07-29,5.5895511313835256,5.781024556174002,5.530636231447994,5.76629583119012,3552220.0,27431940.0
2020-07-30,5.744202743714295,5.847303818601475,5.736838381222354,5.803117643649826,3473564.0,27358310.0
2020-07-31,5.788388918665944,5.906218718537006,5.773660193682061,5.891489993553123,3665150.0,29098002.0
2020-08-03,5.935676168504772,6.031412880900009,5.920947443520888,6.001955430932244,4528072.0,36721560.0
2020-08-04,6.0682346933597175,6.0682346933597175,5.876761268569241,5.935676168504772,5115514.0,41328260.0
2020-08-05,5.987226705948362,5.994591068440303,5.891489993553123,5.957769255980596,2967703.0,23966528.0
2020-08-06,5.987226705948362,5.987226705948362,5.832575093617592,5.891489993553123,2512010.0,20115522.0
2020-08-07,5.913583081028947,5.913583081028947,5.700016568762647,5.803117643649826,2102321.0,16545645.0
2020-08-10,5.803117643649826,5.920947443520888,5.788388918665944,5.8399394561095335,2170056.0,17258726.0
2020-08-11,5.847303818601475,5.876761268569241,5.685287843778764,5.685287843778764,2650305.0,20814242.0
2020-08-12,5.700016568762647,5.736838381222354,5.567458043907701,5.736838381222354,2511719.0,19237688.0
2020-08-13,5.803117643649826,5.854668181093416,5.736838381222354,5.847303818601475,2598208.0,20497498.0
2020-08-14,5.876761268569241,5.891489993553123,5.707380931254588,5.8399394561095335,2361060.0,18588196.0
2020-08-17,5.847303818601475,5.9798623434564195,5.788388918665944,5.950404893488654,5513800.0,44201540.0
2020-08-18,5.906218718537006,6.053505968375835,5.906218718537006,5.987226705948362,4469464.0,36249608.0
2020-08-19,5.972497980964478,6.377537918021256,5.906218718537006,6.082963418343599,16130847.0,134504256.0
2020-08-20,5.906218718537006,6.016684155916127,5.795753281157885,5.803117643649826,6517963.0,51797856.0
2020-08-21,5.803117643649826,5.928311806012831,5.751567106206236,5.825210731125651,3353238.0,26601076.0
2020-08-24,5.8399394561095335,5.854668181093416,5.736838381222354,5.854668181093416,3078100.0,24228188.0
2020-08-25,5.854668181093416,6.001955430932244,5.81784636863371,5.994591068440303,5544823.0,44661832.0
2020-08-26,6.031412880900009,6.031412880900009,5.773660193682061,5.795753281157885,3894760.0,31094962.0
2020-08-27,5.795753281157885,6.031412880900009,5.751567106206236,5.957769255980596,5207892.0,41988332.0
2020-08-28,5.9798623434564195,6.024048518408068,5.920947443520888,6.001955430932244,4716836.0,38301876.0
2020-08-31,6.031412880900009,6.0682346933597175,5.957769255980596,5.987226705948362,4485463.0,36543096.0
2020-09-01,5.994591068440303,6.0093197934241855,5.920947443520888,6.0093197934241855,4113932.0,33349868.0
2020-09-02,6.200793218214662,6.34808046805349,6.097692143327482,6.13451395578719,18915960.0,159763776.0
2020-09-03,6.13451395578719,6.392266643005138,6.060870330867776,6.244979393166311,9954722.0,84784128.0
2020-09-04,6.119785230803307,6.421724092972905,6.038777243391951,6.289165568117959,8045778.0,68374240.0
2020-09-07,6.289165568117959,6.429088455464846,6.193428855722721,6.274436843134076,8764793.0,75274800.0
2020-09-08,6.2597081181501935,6.480638992908436,6.193428855722721,6.465910267924552,7876235.0,67973216.0
2020-09-09,6.465910267924552,6.650019330223087,6.333351743069607,6.34808046805349,9817934.0,86216944.0
2020-09-10,6.421724092972905,6.443817180448729,5.935676168504772,5.9798623434564195,7806716.0,65110312.0
2020-09-11,6.024048518408068,6.13451395578719,5.965133618472537,6.016684155916127,4021880.0,32998064.0
2020-09-14,6.038777243391951,6.156607043263014,6.001955430932244,6.082963418343599,3823325.0,31625860.0
2020-09-15,6.082963418343599,6.200793218214662,5.928311806012831,5.972497980964478,4123464.0,33821444.0
2020-09-16,5.9798623434564195,6.082963418343599,5.906218718537006,6.038777243391951,3676677.0,29878700.0
2020-09-17,6.016684155916127,6.075599055851659,5.957769255980596,5.987226705948362,2723000.0,22172656.0
2020-09-18,5.957769255980596,6.0903277808355405,5.928311806012831,6.038777243391951,3792008.0,30918154.0
2020-09-21,6.038777243391951,6.075599055851659,5.943040530996713,5.943040530996713,3506905.0,28569020.0
2020-09-22,5.898854356045065,6.252343755658252,5.876761268569241,6.0903277808355405,7106195.0,58672972.0
2020-09-23,6.0903277808355405,6.119785230803307,5.957769255980596,6.001955430932244,3906972.0,31929888.0
2020-09-24,5.994591068440303,6.024048518408068,5.928311806012831,5.994591068440303,2333920.0,18908836.0
2020-09-25,6.046141605883894,6.053505968375835,5.928311806012831,6.031412880900009,2382609.0,19370718.0
2020-09-28,6.038777243391951,6.0682346933597175,5.5895511313835256,5.61164421885935,5928348.0,46285112.0
2020-09-29,5.61164421885935,5.700016568762647,5.574822406399643,5.604279856367409,2051300.0,15677352.0
2020-09-30,5.5895511313835256,5.626372943843233,5.4496282440366395,5.596915493875467,2041571.0,15458761.0
2020-10-09,5.633737306335174,6.1492426807710725,5.633737306335174,6.046141605883894,7158416.0,57932496.0
2020-10-12,6.046141605883894,6.171335768246897,6.016684155916127,6.112420868311366,6237690.0,51398888.0
2020-10-13,6.105056505819423,6.1492426807710725,6.038777243391951,6.0903277808355405,2714416.0,22467204.0
2020-10-14,6.0903277808355405,6.119785230803307,6.031412880900009,6.112420868311366,2874994.0,23732748.0
2020-10-15,6.156607043263014,6.18606449323078,5.9798623434564195,6.001955430932244,2890932.0,23763918.0
2020-10-16,6.105056505819423,6.105056505819423,5.950404893488654,6.053505968375835,2556788.0,20961716.0
2020-10-19,6.119785230803307,6.13451395578719,5.957769255980596,5.972497980964478,1991280.0,16318158.0
2020-10-20,5.928311806012831,6.038777243391951,5.898854356045065,6.024048518408068,1566457.0,12731685.0
2020-10-21,6.016684155916127,6.046141605883894,5.832575093617592,5.869396906077299,2210980.0,17724776.0
2020-10-22,5.869396906077299,5.935676168504772,5.7589314686981785,5.913583081028947,2213992.0,17580836.0
2020-10-23,5.972497980964478,6.075599055851659,5.7589314686981785,5.7589314686981785,5650964.0,45384576.0
2020-10-26,5.6190085813512916,5.773660193682061,5.538000593939936,5.72210965623847,3731262.0,28677674.0
2020-10-27,5.596915493875467,5.788388918665944,5.596915493875467,5.700016568762647,1815660.0,14089335.0
2020-10-28,5.692652206270706,5.913583081028947,5.677923481286823,5.788388918665944,3469480.0,27293392.0
2020-10-29,5.736838381222354,5.906218718537006,5.545364956431878,5.8104820061417675,2352260.0,18584492.0
2020-10-30,5.795753281157885,5.81784636863371,5.5600936814157595,5.582186768891584,3443780.0,26464000.0
2020-11-02,5.670559118794881,5.670559118794881,5.515907506464112,5.574822406399643,1722920.0,13049323.0
2020-11-03,5.641101668827115,5.685287843778764,5.582186768891584,5.685287843778764,1751102.0,13422615.0
2020-11-04,5.66319475630294,5.736838381222354,5.596915493875467,5.641101668827115,1752500.0,13466310.0
2020-11-05,5.655830393810998,5.751567106206236,5.655830393810998,5.736838381222354,1792120.0,13884916.0
2020-11-06,5.76629583119012,5.76629583119012,5.655830393810998,5.692652206270706,1487752.0,11479237.0
2020-11-09,5.72210965623847,5.832575093617592,5.700016568762647,5.795753281157885,2255977.0,17716240.0
2020-11-10,5.8399394561095335,5.8399394561095335,5.707380931254588,5.744202743714295,1756716.0,13745003.0
2020-11-11,5.72210965623847,5.744202743714295,5.648466031319057,5.670559118794881,1350344.0,10418401.0
2020-11-12,5.700016568762647,5.714745293746529,5.6190085813512916,5.685287843778764,1018069.0,7832892.5
2020-11-13,5.685287843778764,5.744202743714295,5.6190085813512916,5.692652206270706,1306500.0,10060785.0
2020-11-16,5.692652206270706,5.751567106206236,5.670559118794881,5.736838381222354,1519780.0,11809735.0
2020-11-17,5.736838381222354,5.736838381222354,5.641101668827115,5.670559118794881,1174504.0,9040129.0
2020-11-18,5.670559118794881,5.744202743714295,5.655830393810998,5.7294740187304125,1362149.0,10572120.0
2020-11-19,5.72210965623847,5.788388918665944,5.685287843778764,5.751567106206236,1565470.0,12238808.0
2020-11-20,5.744202743714295,5.803117643649826,5.685287843778764,5.788388918665944,1484980.0,11617054.0
2020-11-23,5.7589314686981785,5.854668181093416,5.7589314686981785,5.795753281157885,1606676.0,12658937.0
2020-11-24,5.795753281157885,5.847303818601475,5.76629583119012,5.773660193682061,1451916.0,11409272.0
2020-11-25,5.795753281157885,5.913583081028947,5.795753281157885,5.847303818601475,3632888.0,28909394.0
2020-11-26,5.876761268569241,6.13451395578719,5.795753281157885,5.972497980964478,5663415.0,45829832.0
2020-11-27,5.957769255980596,6.075599055851659,5.891489993553123,6.031412880900009,4188892.0,33975108.0
2020-11-30,6.046141605883894,6.075599055851659,5.920947443520888,5.920947443520888,3266704.0,26556420.0
2020-12-01,5.943040530996713,5.965133618472537,5.832575093617592,5.913583081028947,2425874.0,19404724.0
2020-12-02,5.965133618472537,6.001955430932244,5.876761268569241,5.965133618472537,2482471.0,19995392.0
2020-12-03,5.987226705948362,5.994591068440303,5.884125631061182,5.898854356045065,1867254.0,14999026.0
2020-12-04,5.935676168504772,5.935676168504772,5.847303818601475,5.884125631061182,1776008.0,14176999.0
2020-12-07,5.876761268569241,5.913583081028947,5.8399394561095335,5.862032543585357,1349400.0,10743817.0
2020-12-08,5.825210731125651,5.9798623434564195,5.825210731125651,5.9798623434564195,2175683.0,17439798.0
2020-12-09,6.031412880900009,6.0903277808355405,5.81784636863371,5.81784636863371,4945320.0,40265812.0
2020-12-10,5.773660193682061,5.773660193682061,5.567458043907701,5.641101668827115,3586556.0,27512908.0
2020-12-11,5.641101668827115,5.655830393810998,5.523271868956053,5.545364956431878,2092732.0,15807129.0
2020-12-14,5.567458043907701,5.604279856367409,5.530636231447994,5.604279856367409,805300.0,6100847.0
2020-12-15,5.582186768891584,5.633737306335174,5.567458043907701,5.633737306335174,753136.0,5729339.5
2020-12-16,5.655830393810998,5.655830393810998,5.582186768891584,5.61164421885935,846966.0,6453150.0
2020-12-17,5.596915493875467,5.596915493875467,5.3097053566897525,5.574822406399643,1970046.0,14681084.0
2020-12-18,5.552729318923819,5.61164421885935,5.464356969020522,5.486450056496346,1281195.0,9596276.0
2020-12-21,5.501178781480228,5.515907506464112,5.442263881544697,5.479085694004405,840833.0,6259892.0
2020-12-22,5.456992606528581,5.486450056496346,5.361255894133342,5.390713344101108,1184692.0,8725782.0
2020-12-23,5.434899519052756,5.442263881544697,5.339162806657518,5.346527169149459,1001068.0,7302151.0
2020-12-24,5.390713344101108,5.390713344101108,5.221333006786455,5.228697369278397,1484580.0,10618487.0
2020-12-25,5.265519181738104,5.324434081673635,5.191875556818689,5.24342609426228,798536.0,5707600.0
2020-12-28,5.258154819246163,5.258154819246163,5.155053744358983,5.169782469342866,1027180.0,7233409.0
2020-12-29,5.169782469342866,5.287612269213928,5.103503206915393,5.272883544230045,1031200.0,7306704.0
2020-12-30,5.302340994197811,5.302340994197811,5.206604281802573,5.258154819246163,619764.0,4428296.0
2020-12-31,5.2802479067219865,5.368620256625284,5.258154819246163,5.2802479067219865,730324.0,5257829.5
2021-01-04,5.287612269213928,5.3538915316414,5.265519181738104,5.339162806657518,981556.0,7090771.5
2021-01-05,5.361255894133342,5.361255894133342,5.265519181738104,5.287612269213928,1058560.0,7616917.0
2021-01-06,5.2802479067219865,5.302340994197811,5.147689381867042,5.213968644294514,1350105.0,9544942.0
2021-01-07,5.206604281802573,5.213968644294514,5.066681394455686,5.088774481931511,1714236.0,11949935.0
2021-01-08,5.081410119439569,5.191875556818689,4.9267585071088,5.184511194326748,1507376.0,10333979.0
2021-01-11,5.191875556818689,5.191875556818689,5.015130857012096,5.044588306979861,1299876.0,9008999.0
2021-01-12,5.0004021320282135,5.110867569407334,4.9709446820604475,5.066681394455686,717440.0,4924924.0
2021-01-13,5.066681394455686,5.29497663170587,4.8604792446813265,5.206604281802573,3361318.0,23003302.0
2021-01-14,5.206604281802573,5.206604281802573,5.007766494520155,5.118231931899276,2362424.0,16345936.0
2021-01-15,5.125596294391217,5.1403250193751004,5.007766494520155,5.103503206915393,1206112.0,8308356.5
2021-01-18,5.066681394455686,5.177146831834808,5.059317031963745,5.155053744358983,1267836.0,8818749.0
2021-01-19,5.206604281802573,5.265519181738104,5.147689381867042,5.191875556818689,1288220.0,9086730.0
2021-01-20,5.191875556818689,5.317069719181694,5.191875556818689,5.24342609426228,1250856.0,8934148.0
2021-01-21,5.191875556818689,5.29497663170587,5.191875556818689,5.265519181738104,1159252.0,8283339.0
2021-01-22,5.302340994197811,5.302340994197811,5.125596294391217,5.1403250193751004,1079300.0,7600643.0
2021-01-25,5.059317031963745,5.184511194326748,5.059317031963745,5.066681394455686,866112.0,6013619.5
2021-01-26,5.066681394455686,5.1403250193751004,4.98567340704433,5.007766494520155,777600.0,5326093.0
2021-01-27,5.007766494520155,5.066681394455686,4.9709446820604475,4.993037769536272,644780.0,4383356.5
2021-01-28,4.993037769536272,5.022495219504038,4.919394144616858,4.948851594584624,800077.0,5386698.0
2021-01-29,4.9709446820604475,4.9709446820604475,4.713191994842499,4.757378169794147,1280984.0,8383445.0
2021-02-01,4.77210689477803,4.816293069729678,4.4996254825761985,4.698463269858616,710900.0,4554440.0
2021-02-02,4.727920719826382,4.779471257269972,4.6616414573989085,4.735285082318323,819800.0,5241226.5
2021-02-03,4.786835619761913,4.867843607173269,4.7205563573344405,4.7205563573344405,857584.0,5597627.0
2021-02-04,4.727920719826382,4.727920719826382,4.484896757592315,4.5511760200197875,1345208.0,8372384.0
2021-02-05,4.5217185700520215,4.646912732415026,4.4996254825761985,4.536447295035905,568640.0,3519122.75
2021-02-08,4.543811657527846,4.624819644939202,4.455439307624549,4.46280367011649,682092.0,4155710.25
2021-02-09,4.50698984506814,4.5806334699875535,4.455439307624549,4.565904745003671,780060.0,4778450.0
2021-02-10,4.529082932543964,4.639548369923085,4.529082932543964,4.624819644939202,819016.0,5116239.5
2021-02-18,4.750013807302206,4.919394144616858,4.6616414573989085,4.779471257269972,1397036.0,9055063.0
2021-02-19,4.77210689477803,4.87520796966521,4.742649444810264,4.867843607173269,952624.0,6243392.0
2021-02-22,4.8899366946490925,5.03722394448792,4.8899366946490925,4.904665419632975,1219976.0,8211199.5
2021-02-23,4.87520796966521,4.956215957076565,4.823657432221619,4.838386157205503,866456.0,5702713.5
2021-02-24,4.853114882189385,4.9709446820604475,4.808928707237737,4.8604792446813265,1009800.0,6714280.0
2021-02-25,4.8604792446813265,4.9709446820604475,4.853114882189385,4.853114882189385,788640.0,5225336.5
2021-02-26,4.8310217947135605,4.956215957076565,4.750013807302206,4.897301057141034,1387328.0,9186000.0
2021-03-01,5.044588306979861,5.125596294391217,5.0004021320282135,5.081410119439569,2321012.0,15953310.0
2021-03-02,5.103503206915393,5.103503206915393,4.956215957076565,4.98567340704433,1288912.0,8759424.0
2021-03-03,4.98567340704433,5.03722394448792,4.948851594584624,5.0004021320282135,823960.0,5583356.5
2021-03-04,4.993037769536272,5.059317031963745,4.948851594584624,4.963580319568506,934552.0,6347319.0
2021-03-05,4.963580319568506,5.118231931899276,4.941487232092682,5.081410119439569,1160160.0,7955040.0
2021-03-08,5.213968644294514,5.213968644294514,5.015130857012096,5.015130857012096,1113340.0,7676092.5
2021-03-09,5.051952669471803,5.103503206915393,4.8604792446813265,4.993037769536272,1003076.0,6794806.0
2021-03-10,4.993037769536272,5.096138844423452,4.87520796966521,4.912029782124916,811212.0,5441185.5
2021-03-11,4.882572332157151,4.956215957076565,4.8310217947135605,4.941487232092682,835300.0,5569646.5
2021-03-12,4.904665419632975,4.978309044552389,4.882572332157151,4.919394144616858,919032.0,6154030.5
2021-03-15,4.919394144616858,4.956215957076565,4.882572332157151,4.948851594584624,901612.0,6023709.5
2021-03-16,4.897301057141034,4.963580319568506,4.897301057141034,4.956215957076565,802460.0,5380130.0
2021-03-17,4.993037769536272,5.103503206915393,4.948851594584624,5.074045756947627,1786296.0,12162406.0
2021-03-18,4.993037769536272,5.162418106850924,4.993037769536272,5.081410119439569,2097548.0,14543893.0
2021-03-19,5.022495219504038,5.147689381867042,4.978309044552389,5.044588306979861,1149581.0,7929463.5
2021-03-22,5.044588306979861,5.287612269213928,5.044588306979861,5.228697369278397,2658812.0,18722924.0
2021-03-23,5.228697369278397,5.265519181738104,5.147689381867042,5.199239919310631,1144400.0,8066866.5
2021-03-24,5.147689381867042,5.228697369278397,5.125596294391217,5.125596294391217,1095876.0,7690668.5
2021-03-25,5.1403250193751004,5.177146831834808,5.096138844423452,5.118231931899276,769951.0,5361765.0
2021-03-26,5.155053744358983,5.213968644294514,5.103503206915393,5.125596294391217,827131.0,5773643.5
2021-03-29,5.1403250193751004,5.162418106850924,5.03722394448792,5.03722394448792,968200.0,6695155.5
2021-03-30,5.015130857012096,5.03722394448792,4.904665419632975,4.9709446820604475,813472.0,5488229.5
2021-03-31,4.978309044552389,5.0298595819959795,4.912029782124916,5.0298595819959795,622388.0,4217864.5
2021-04-01,5.022495219504038,5.191875556818689,4.993037769536272,5.191875556818689,2011863.0,13990465.0
2021-04-02,5.236061731770339,5.339162806657518,5.132960656883158,5.272883544230045,3401944.0,24151450.0
2021-04-06,5.287612269213928,5.287612269213928,5.118231931899276,5.1403250193751004,1907807.0,13375887.0
2021-04-07,5.1403250193751004,5.184511194326748,5.110867569407334,5.132960656883158,700200.0,4875304.0
2021-04-08,5.132960656883158,5.132960656883158,5.007766494520155,5.03722394448792,1459152.0,10004533.0
2021-04-09,4.9709446820604475,5.206604281802573,4.9709446820604475,5.191875556818689,2311100.0,16079166.0
2021-04-12,5.331798444165576,5.331798444165576,5.110867569407334,5.206604281802573,2011243.0,14214535.0
2021-04-13,5.236061731770339,5.383348981609166,5.155053744358983,5.258154819246163,3770316.0,27151616.0
2021-04-14,5.213968644294514,5.685287843778764,5.177146831834808,5.604279856367409,8019525.0,59311808.0
2021-04-15,5.501178781480228,5.81784636863371,5.412806431576932,5.4201707940688735,7947186.0,60272780.0
2021-04-16,5.272883544230045,5.331798444165576,5.169782469342866,5.3097053566897525,4788164.0,34161940.0
2021-04-19,5.258154819246163,5.3097053566897525,5.258154819246163,5.287612269213928,2185340.0,15693354.0
2021-04-20,5.29497663170587,5.324434081673635,5.169782469342866,5.213968644294514,2008900.0,14314087.0
2021-04-21,5.191875556818689,5.258154819246163,5.155053744358983,5.213968644294514,1150574.0,8138665.5
2021-04-22,5.213968644294514,5.258154819246163,5.191875556818689,5.221333006786455,795534.0,5627057.5
2021-04-23,5.228697369278397,5.250790456754221,5.074045756947627,5.081410119439569,1870960.0,13000503.0
2021-04-26,5.044588306979861,5.096138844423452,5.007766494520155,5.096138844423452,900258.0,6196588.0
2021-04-27,5.088774481931511,5.088774481931511,4.801564344745795,4.9267585071088,1514520.0,10161511.0
2021-04-28,4.897301057141034,4.963580319568506,4.897301057141034,4.941487232092682,535900.0,3594469.0
2021-04-29,4.941487232092682,4.963580319568506,4.904665419632975,4.941487232092682,500668.0,3358906.0
2021-04-30,4.941487232092682,4.956215957076565,4.823657432221619,4.867843607173269,866360.0,5752132.0
2021-05-06,4.867843607173269,4.9267585071088,4.808928707237737,4.8310217947135605,1158912.0,7619985.5
2021-05-07,4.8310217947135605,4.845750519697444,4.750013807302206,4.77210689477803,1065280.0,6911049.5
2021-05-10,4.77210689477803,4.779471257269972,4.713191994842499,4.727920719826382,965184.0,6197589.0
2021-05-11,4.7205563573344405,4.757378169794147,4.683734544874733,4.750013807302206,2560196.0,16358909.0
2021-05-12,4.735285082318323,4.77210689477803,4.6910989073666745,4.764742532286088,1695480.0,10876462.0
2021-05-13,4.727920719826382,4.808928707237737,4.713191994842499,4.757378169794147,2306077.0,14935498.0
2021-05-14,4.727920719826382,4.882572332157151,4.727920719826382,4.8310217947135605,3093980.0,20174258.0
2021-05-17,4.838386157205503,4.838386157205503,4.750013807302206,4.757378169794147,1179365.0,7636692.5
2021-05-18,4.750013807302206,4.77210689477803,4.705827632350557,4.735285082318323,984204.0,6323148.5
2021-05-19,4.735285082318323,4.794199982253854,4.713191994842499,4.764742532286088,1146400.0,7412002.0
2021-05-20,4.764742532286088,4.764742532286088,4.683734544874733,4.705827632350557,957765.0,6126883.0
2021-05-21,4.713191994842499,4.764742532286088,4.705827632350557,4.757378169794147,617709.0,3974760.75
2021-05-24,4.757378169794147,4.808928707237737,4.757378169794147,4.808928707237737,1281000.0,8321540.5
2021-05-25,4.823657432221619,4.8310217947135605,4.77210689477803,4.808928707237737,784289.0,5110975.5
2021-05-26,4.8604792446813265,4.8604792446813265,4.786835619761913,4.816293069729678,916128.0,5991492.5
2021-05-27,4.8310217947135605,4.845750519697444,4.808928707237737,4.816293069729678,999120.0,6547167.0
2021-05-28,4.823657432221619,4.934122869600741,4.779471257269972,4.794199982253854,1217576.0,7987463.0
2021-05-31,4.8604792446813265,4.8604792446813265,4.77210689477803,4.808928707237737,959652.0,6253307.0
2021-06-01,4.838386157205503,4.867843607173269,4.786835619761913,4.853114882189385,1144272.0,7510323.0
2021-06-02,4.853114882189385,4.8604792446813265,4.801564344745795,4.816293069729678,982440.0,6448405.0
2021-06-03,4.823657432221619,4.853114882189385,4.794199982253854,4.808928707237737,1009716.0,6602147.0
2021-06-04,4.816293069729678,4.8310217947135605,4.750013807302206,4.764742532286088,961984.0,6238545.0
2021-06-07,4.816293069729678,4.816293069729678,4.683734544874733,4.713191994842499,2369136.0,15178262.0
2021-06-08,4.698463269858616,4.823657432221619,4.565904745003671,4.823657432221619,5572517.0,35410924.0
2021-06-09,4.77210689477803,4.8310217947135605,4.77210689477803,4.794199982253854,2620060.0,17071962.0
2021-06-10,4.8310217947135605,4.8899366946490925,4.794199982253854,4.882572332157151,2520180.0,16574330.0
2021-06-11,4.882572332157151,4.882572332157151,4.816293069729678,4.816293069729678,1818520.0,11957509.0
2021-06-15,4.8604792446813265,4.8899366946490925,4.757378169794147,4.764742532286088,1398812.0,9132852.0
2021-06-16,4.757378169794147,4.838386157205503,4.750013807302206,4.823657432221619,2163840.0,14118608.0
2021-06-17,4.8310217947135605,4.853114882189385,4.779471257269972,4.786835619761913,1376080.0,8981281.0
2021-06-18,4.786835619761913,4.897301057141034,4.77210689477803,4.87520796966521,2411940.0,15916311.0
2021-06-21,4.838386157205503,5.044588306979861,4.838386157205503,4.9709446820604475,3139293.0,21116330.0
2021-06-22,4.9709446820604475,4.993037769536272,4.912029782124916,4.9267585071088,2246502.0,15130042.0
2021-06-23,5.0004021320282135,5.0004021320282135,4.8604792446813265,4.963580319568506,2145416.0,14326236.0
2021-06-24,4.941487232092682,4.9709446820604475,4.897301057141034,4.904665419632975,1329260.0,8889070.0
2021-06-25,4.8899366946490925,4.948851594584624,4.8899366946490925,4.912029782124916,1256000.0,8383539.5
2021-06-28,4.897301057141034,4.98567340704433,4.8899366946490925,4.98567340704433,1731268.0,11652693.0
2021-06-29,4.993037769536272,5.0004021320282135,4.845750519697444,4.8604792446813265,1799804.0,12006042.0
2021-06-30,4.87520796966521,4.9267585071088,4.8604792446813265,4.919394144616858,920376.0,6117885.0
2021-07-01,4.941487232092682,4.9709446820604475,4.845750519697444,4.845750519697444,1198500.0,7955397.5
2021-07-02,5.13493240160112,5.166195308155769,5.009880775382524,5.041143681937173,1351716.0,8739198.0
2021-07-05,5.1271166749624575,5.447561467147612,5.1193009483237955,5.23653684790373,3095352.0,20836818.0
2021-07-06,5.2756154810970415,5.3068783876516905,5.166195308155769,5.197458214710419,1656645.0,11065359.0
2021-07-07,5.189642488071756,5.2756154810970415,5.1427481282397824,5.2209053946264055,1192704.0,7971409.0
2021-07-08,5.2912469343743656,5.2912469343743656,5.1583795815171065,5.1740110347944315,1420412.0,9454294.0
2021-07-09,5.189642488071756,5.205273941349081,5.041143681937173,5.181826761433094,1618220.0,10635565.0
2021-07-12,5.228721121265068,5.2677997544583794,5.1427481282397824,5.2677997544583794,1958669.0,13077729.0
2021-07-13,5.2756154810970415,5.2756154810970415,5.189642488071756,5.2521683011810545,1412232.0,9443468.0
2021-07-14,5.2756154810970415,5.2756154810970415,5.197458214710419,5.205273941349081,1691000.0,11296989.0
2021-07-15,5.205273941349081,5.2209053946264055,5.048959408575835,5.080222315130484,2532560.0,16521702.0
2021-07-16,5.056775135214497,5.088038041769146,5.002065048743862,5.033327955298511,1532920.0,9897076.0
2021-07-19,5.025512228659848,5.041143681937173,4.947354962273225,5.002065048743862,1375057.0,8763896.0
2021-07-20,4.978617868827874,5.06459086185316,4.970802142189212,5.056775135214497,1011124.0,6496861.0
2021-07-21,5.056775135214497,5.103669495046471,5.041143681937173,5.06459086185316,963920.0,6246619.5
2021-07-22,5.06459086185316,5.088038041769146,5.033327955298511,5.072406588491822,941752.0,6103391.0
2021-07-23,5.06459086185316,5.080222315130484,4.955170688911887,4.955170688911887,1472300.0,9419089.0
2021-07-26,4.939539235634563,4.955170688911887,4.462779910676164,4.877013422525265,2143318.0,13340539.0
2021-07-27,4.869197695886603,4.923907782357238,4.79104042949998,4.806671882777305,1466753.0,9115667.0
2021-07-28,4.830119062693291,4.830119062693291,4.626910170088072,4.697251709836032,1801613.0,10876521.0
2021-07-29,4.767593249583992,4.798856156138642,4.712883163113357,4.767593249583992,1152488.0,7002876.0
2021-07-30,4.767593249583992,4.79104042949998,4.712883163113357,4.79104042949998,829126.0,5058415.0
2021-08-02,4.79104042949998,4.908276329079914,4.736330343029343,4.900460602441251,1577123.0,9796117.0
2021-08-03,4.900460602441251,5.002065048743862,4.853566242609278,4.923907782357238,1751531.0,11103718.0
2021-08-04,4.923907782357238,4.978617868827874,4.892644875802589,4.978617868827874,1297561.0,8227460.5
2021-08-05,4.962986415550549,5.025512228659848,4.9317235089959,4.978617868827874,1358772.0,8682956.0
2021-08-06,4.986433595466537,5.056775135214497,4.978617868827874,5.002065048743862,1522176.0,9775421.0
2021-08-09,4.986433595466537,5.0958537684078085,4.962986415550549,5.072406588491822,1446860.0,9357211.0
2021-08-10,5.041143681937173,5.1427481282397824,5.033327955298511,5.1193009483237955,1668052.0,10911859.0
2021-08-11,5.1193009483237955,5.1505638548784445,5.080222315130484,5.1193009483237955,1751834.0,11458084.0
2021-08-12,5.1505638548784445,5.1740110347944315,5.088038041769146,5.1271166749624575,1541117.0,10120643.0
2021-08-13,5.13493240160112,5.1583795815171065,5.06459086185316,5.103669495046471,1628903.0,10636247.0
2021-08-16,5.1740110347944315,5.189642488071756,5.103669495046471,5.13493240160112,1241715.0,8159391.5
2021-08-17,5.13493240160112,5.1583795815171065,4.962986415550549,4.986433595466537,1657054.0,10720085.0
2021-08-18,5.025512228659848,5.080222315130484,4.986433595466537,5.056775135214497,1295212.0,8338288.5
2021-08-19,5.048959408575835,5.056775135214497,4.986433595466537,5.017696502021186,1005909.0,6456684.5
2021-08-20,5.033327955298511,5.06459086185316,4.962986415550549,5.056775135214497,1448124.0,9277451.0
2021-08-23,5.056775135214497,5.3068783876516905,4.986433595466537,5.3068783876516905,4521644.0,30251872.0
2021-08-24,5.3381412942063395,5.345957020845002,5.2209053946264055,5.259984027819717,2987780.0,20136338.0
2021-08-25,5.23653684790373,5.3146941142903525,5.213089667987743,5.2677997544583794,1964680.0,13259861.0
2021-08-26,5.2677997544583794,5.3850356540383135,5.2521683011810545,5.2677997544583794,2516536.0,17092804.0
2021-08-27,5.2677997544583794,5.3303255675676775,5.213089667987743,5.23653684790373,1863704.0,12563375.0
2021-08-30,5.23653684790373,5.2912469343743656,5.1740110347944315,5.23653684790373,1946929.0,13044398.0
2021-08-31,5.2443525745423925,5.2756154810970415,5.197458214710419,5.259984027819717,1705365.0,11444124.0
2021-09-01,5.259984027819717,5.564797366727546,5.1583795815171065,5.369404200760989,5540799.0,37861408.0
2021-09-02,5.3146941142903525,5.3303255675676775,5.166195308155769,5.205273941349081,5206648.0,34672784.0
2021-09-03,5.23653684790373,5.2521683011810545,5.1740110347944315,5.189642488071756,2747952.0,18306524.0
2021-09-06,5.197458214710419,5.213089667987743,5.1505638548784445,5.213089667987743,1943888.0,12918096.0
2021-09-07,5.2521683011810545,5.322509840929015,5.197458214710419,5.2756154810970415,3195072.0,21435912.0
2021-09-08,5.2756154810970415,5.3068783876516905,5.2521683011810545,5.2834312077357035,2291007.0,15470372.0
2021-09-09,5.2912469343743656,5.353772747483664,5.2677997544583794,5.353772747483664,2941206.0,20030204.0
2021-09-10,5.369404200760989,5.447561467147612,5.2209053946264055,5.2677997544583794,3717676.0,25264948.0
2021-09-13,5.205273941349081,5.2990626610130285,5.205273941349081,5.2834312077357035,1686620.0,11328265.0
2021-09-14,5.2990626610130285,5.3146941142903525,5.1583795815171065,5.181826761433094,2022793.0,13507592.0
2021-09-15,5.166195308155769,5.228721121265068,5.1505638548784445,5.213089667987743,1378952.0,9173601.0
2021-09-16,5.2521683011810545,5.2990626610130285,5.166195308155769,5.166195308155769,2404531.0,16115071.0
2021-09-17,5.1740110347944315,5.205273941349081,5.002065048743862,5.0958537684078085,1985044.0,12943198.0
2021-09-22,5.080222315130484,5.1427481282397824,5.017696502021186,5.111485221685133,802244.0,5235586.5
2021-09-23,5.1193009483237955,5.228721121265068,5.1193009483237955,5.1583795815171065,1328900.0,8789444.0
2021-09-24,5.213089667987743,5.213089667987743,5.041143681937173,5.048959408575835,1385184.0,9045163.0
2021-09-27,5.048959408575835,5.080222315130484,4.814487609415967,4.845750515970616,1700600.0,10705292.0
2021-09-28,4.845750515970616,5.002065048743862,4.68943598319737,4.892644875802589,1539556.0,9551372.0
2021-09-29,4.892644875802589,4.892644875802589,4.767593249583992,4.767593249583992,947946.0,5834177.0
2021-09-30,4.767593249583992,4.853566242609278,4.767593249583992,4.837934789331954,675273.0,4159418.25
2021-10-08,4.845750515970616,4.947354962273225,4.845750515970616,4.947354962273225,971616.0,6112758.5
2021-10-11,4.947354962273225,4.947354962273225,4.845750515970616,4.908276329079914,801040.0,5023012.5
2021-10-12,4.908276329079914,4.9317235089959,4.775408976222655,4.837934789331954,1080580.0,6700169.0
2021-10-13,4.845750515970616,4.923907782357238,4.830119062693291,4.892644875802589,733888.0,4586607.0
2021-10-14,4.853566242609278,4.947354962273225,4.853566242609278,4.908276329079914,671410.0,4221951.5
2021-10-15,4.908276329079914,4.986433595466537,4.900460602441251,4.908276329079914,1061692.0,6717155.0
2021-10-18,4.908276329079914,4.947354962273225,4.86138196924794,4.9317235089959,758616.0,4761068.0
2021-10-19,4.892644875802589,4.986433595466537,4.884829149163927,4.955170688911887,785024.0,4967214.0
2021-10-20,4.970802142189212,5.002065048743862,4.916092055718576,4.923907782357238,752280.0,4767711.5
2021-10-21,4.892644875802589,4.962986415550549,4.798856156138642,4.822303336054629,1268062.0,7861601.0
2021-10-22,4.783224702861317,4.869197695886603,4.775408976222655,4.783224702861317,793880.0,4886142.0
2021-10-25,4.783224702861317,4.822303336054629,4.751961796306668,4.814487609415967,432900.0,2655291.5
2021-10-26,4.783224702861317,4.923907782357238,4.783224702861317,4.837934789331954,846120.0,5218907.0
2021-10-27,4.837934789331954,4.853566242609278,4.751961796306668,4.783224702861317,1046715.0,6423563.5
2021-10-28,4.728514616390681,4.806671882777305,4.673804529920046,4.68943598319737,1272660.0,7666606.0
2021-10-29,4.775408976222655,4.798856156138642,4.68943598319737,4.798856156138642,940404.0,5727060.5
2021-11-01,4.798856156138642,4.853566242609278,4.697251709836032,4.845750515970616,771240.0,4765040.5
2021-11-02,4.845750515970616,4.900460602441251,4.751961796306668,4.783224702861317,1054020.0,6504180.5
2021-11-03,4.853566242609278,4.869197695886603,4.767593249583992,4.830119062693291,723380.0,4468468.5
2021-11-04,4.877013422525265,4.900460602441251,4.79104042949998,4.900460602441251,867928.0,5404093.5
2021-11-05,4.916092055718576,4.947354962273225,4.869197695886603,4.916092055718576,1269708.0,7992028.5
2021-11-08,4.978617868827874,4.978617868827874,4.892644875802589,4.955170688911887,1006536.0,6354369.5
2021-11-09,4.994249322105199,5.025512228659848,4.923907782357238,5.002065048743862,1121280.0,7160425.0
2021-11-10,5.002065048743862,5.088038041769146,4.970802142189212,5.080222315130484,1712960.0,11052233.0
2021-11-11,5.080222315130484,5.1271166749624575,5.048959408575835,5.0958537684078085,1586480.0,10335518.0
2021-11-12,5.0958537684078085,5.1427481282397824,5.080222315130484,5.1427481282397824,1274343.0,8356476.5
2021-11-15,5.166195308155769,5.189642488071756,5.103669495046471,5.1505638548784445,1393076.0,9155455.0
2021-11-16,5.1583795815171065,5.1740110347944315,5.048959408575835,5.072406588491822,1553400.0,10119764.0
2021-11-17,5.06459086185316,5.1740110347944315,5.056775135214497,5.166195308155769,2821500.0,18538576.0
2021-11-18,5.1427481282397824,5.1740110347944315,5.088038041769146,5.0958537684078085,1375424.0,9027355.0
2021-11-19,5.080222315130484,5.2521683011810545,5.072406588491822,5.197458214710419,3111456.0,20571820.0
2021-11-22,5.2209053946264055,5.228721121265068,5.1271166749624575,5.166195308155769,1314964.0,8682414.0
2021-11-23,5.166195308155769,5.189642488071756,5.1193009483237955,5.1271166749624575,1326360.0,8726891.0
2021-11-24,5.1271166749624575,5.166195308155769,5.088038041769146,5.1193009483237955,1192364.0,7821334.5
2021-11-25,5.1583795815171065,5.197458214710419,5.111485221685133,5.181826761433094,1548580.0,10233317.0
2021-11-26,5.181826761433094,5.181826761433094,5.0958537684078085,5.1427481282397824,1203540.0,7901444.5
2021-11-29,5.103669495046471,5.1271166749624575,5.033327955298511,5.06459086185316,1598260.0,10380070.0
2021-11-30,5.088038041769146,5.197458214710419,5.056775135214497,5.1427481282397824,1934540.0,12760762.0
2021-12-01,5.1740110347944315,5.23653684790373,5.1427481282397824,5.213089667987743,2067044.0,13779040.0
2021-12-02,5.2209053946264055,5.2521683011810545,5.181826761433094,5.205273941349081,1551860.0,10338238.0
2021-12-03,5.228721121265068,5.228721121265068,5.181826761433094,5.205273941349081,1065980.0,7099226.5
2021-12-06,5.23653684790373,5.23653684790373,5.056775135214497,5.056775135214497,2495784.0,16323939.0
2021-12-07,5.056775135214497,5.088038041769146,4.986433595466537,5.009880775382524,1608500.0,10337071.0
2021-12-08,5.009880775382524,5.072406588491822,5.009880775382524,5.048959408575835,1749772.0,11281062.0
2021-12-09,5.06459086185316,5.080222315130484,5.025512228659848,5.033327955298511,1693500.0,10938617.0
2021-12-10,5.017696502021186,5.103669495046471,5.017696502021186,5.080222315130484,1252571.0,8113092.0
2021-12-13,5.080222315130484,5.322509840929015,5.048959408575835,5.181826761433094,5087532.0,33865896.0
2021-12-14,5.197458214710419,5.564797366727546,5.1427481282397824,5.369404200760989,10697999.0,73058912.0
2021-12-15,5.369404200760989,5.3772199273996515,5.2209053946264055,5.2443525745423925,7483912.0,50522056.0
2021-12-16,5.23653684790373,5.3928513806769764,5.23653684790373,5.3068783876516905,5589680.0,38094596.0
2021-12-17,5.3928513806769764,5.4084828339543005,5.2677997544583794,5.3303255675676775,3600360.0,24450484.0
2021-12-20,5.3772199273996515,5.3772199273996515,5.2209053946264055,5.2521683011810545,3439483.0,23172638.0
2021-12-21,5.2521683011810545,5.353772747483664,5.2521683011810545,5.3381412942063395,4230146.0,28733360.0
2021-12-22,5.3381412942063395,5.3772199273996515,5.3146941142903525,5.3381412942063395,2851535.0,19492302.0
2021-12-23,5.353772747483664,5.353772747483664,5.259984027819717,5.2756154810970415,2588260.0,17513150.0
2021-12-24,5.2756154810970415,5.2990626610130285,5.189642488071756,5.213089667987743,2739120.0,18320500.0
2021-12-27,5.1583795815171065,5.3303255675676775,5.1583795815171065,5.3303255675676775,2663944.0,18023674.0
2021-12-28,5.3303255675676775,5.517903006895572,5.2834312077357035,5.4397457405089495,6185408.0,42889008.0
2021-12-29,5.4162985605929626,5.4397457405089495,5.322509840929015,5.4241142872316255,3542538.0,24389554.0
2021-12-30,5.3928513806769764,5.478824373702261,5.3928513806769764,5.447561467147612,3353240.0,23360104.0
2021-12-31,5.4631929204249365,5.471008647063599,5.4006671073156385,5.4084828339543005,2449299.0,17023086.0
2022-01-04,5.4553771937862745,5.541350186811559,5.4241142872316255,5.51008728025691,4199504.0,29533908.0
2022-01-05,5.502271553618248,5.533534460172897,5.4006671073156385,5.494455826979586,3066511.0,21401448.0
2022-01-06,5.471008647063599,5.525718733534235,5.4319300138702875,5.447561467147612,3283420.0,23057112.0
2022-01-07,5.471008647063599,5.486640100340923,5.3068783876516905,5.322509840929015,3328024.0,22968134.0
2022-01-10,5.3303255675676775,5.447561467147612,5.2443525745423925,5.4241142872316255,2955124.0,20347154.0
2022-01-11,5.447561467147612,5.549165913450221,5.4006671073156385,5.447561467147612,2584760.0,18111840.0
2022-01-12,5.4397457405089495,5.517903006895572,5.4241142872316255,5.471008647063599,2365460.0,16570663.0
2022-01-13,5.486640100340923,5.533534460172897,5.4241142872316255,5.4631929204249365,2696840.0,18872066.0
2022-01-14,5.478824373702261,5.525718733534235,5.3146941142903525,5.353772747483664,2982454.0,20612850.0
2022-01-17,5.3772199273996515,5.549165913450221,5.353772747483664,5.51008728025691,3994600.0,28062992.0
2022-01-18,5.502271553618248,5.517903006895572,5.3772199273996515,5.4319300138702875,3344080.0,23229086.0
2022-01-19,5.4006671073156385,5.791453439248753,5.4006671073156385,5.783637712610091,13549251.0,98359488.0
2022-01-20,5.721111899500792,5.768006259332766,5.533534460172897,5.564797366727546,7905130.0,56753628.0
2022-01-21,5.580428820004871,5.580428820004871,5.4162985605929626,5.541350186811559,4208572.0,29586860.0
2022-01-24,5.486640100340923,5.541350186811559,5.4006671073156385,5.4319300138702875,2592200.0,18083246.0
2022-01-25,5.4084828339543005,5.4319300138702875,4.978617868827874,4.994249322105199,6378088.0,42100084.0
2022-01-26,5.041143681937173,5.259984027819717,4.994249322105199,5.205273941349081,4158256.0,27320828.0
2022-01-27,5.345957020845002,5.345957020845002,4.962986415550549,4.962986415550549,3397600.0,21894492.0
2022-01-28,5.002065048743862,5.1271166749624575,4.947354962273225,5.0958537684078085,2369100.0,15344652.0
2022-02-07,5.1505638548784445,5.205273941349081,5.041143681937173,5.13493240160112,1947452.0,12801763.0
2022-02-08,5.1505638548784445,5.2521683011810545,5.111485221685133,5.23653684790373,1947700.0,12969177.0
2022-02-09,5.2209053946264055,5.2990626610130285,5.181826761433094,5.2756154810970415,1846740.0,12436608.0
2022-02-10,5.23653684790373,5.2834312077357035,5.197458214710419,5.2443525745423925,2024660.0,13543088.0
2022-02-11,5.213089667987743,5.3146941142903525,5.1583795815171065,5.1740110347944315,2375234.0,15847656.0
2022-02-14,5.1583795815171065,5.2677997544583794,5.1271166749624575,5.228721121265068,1716897.0,11489253.0
2022-02-15,5.23653684790373,5.259984027819717,5.1740110347944315,5.2209053946264055,1309560.0,8727526.0
2022-02-16,5.2209053946264055,5.322509840929015,5.205273941349081,5.3068783876516905,2581590.0,17462720.0
2022-02-17,5.3068783876516905,5.3928513806769764,5.259984027819717,5.259984027819717,2761642.0,18833446.0
2022-02-18,5.259984027819717,5.3381412942063395,5.23653684790373,5.322509840929015,1983860.0,13465328.0
2022-02-21,5.3381412942063395,5.4006671073156385,5.3146941142903525,5.4006671073156385,2237020.0,15381307.0
2022-02-22,5.3928513806769764,5.4241142872316255,5.3068783876516905,5.4162985605929626,2584580.0,17748270.0
2022-02-23,5.3928513806769764,5.447561467147612,5.3615884741223265,5.447561467147612,2044968.0,14176250.0
2022-02-24,5.447561467147612,5.447561467147612,5.228721121265068,5.3068783876516905,4051920.0,27679238.0
2022-02-25,5.345957020845002,5.4553771937862745,5.3303255675676775,5.3928513806769764,2966400.0,20482540.0
2022-02-28,5.3850356540383135,5.4553771937862745,5.2834312077357035,5.369404200760989,2223351.0,15232185.0
2022-03-01,5.3615884741223265,5.471008647063599,5.3615884741223265,5.4397457405089495,2932944.0,20402822.0
2022-03-02,5.4397457405089495,5.517903006895572,5.4006671073156385,5.486640100340923,2303400.0,16162645.0
2022-03-03,5.494455826979586,5.525718733534235,5.4241142872316255,5.447561467147612,2165240.0,15113892.0
2022-03-04,5.4084828339543005,5.486640100340923,5.3850356540383135,5.3928513806769764,2230500.0,15485180.0
2022-03-07,5.353772747483664,5.4553771937862745,5.345957020845002,5.3850356540383135,2136836.0,14749265.0
2022-03-08,5.3850356540383135,5.4319300138702875,5.2521683011810545,5.2756154810970415,2691720.0,18354974.0
2022-03-09,5.2912469343743656,5.3303255675676775,4.978617868827874,5.181826761433094,3372309.0,22280328.0
2022-03-10,5.2912469343743656,5.3146941142903525,5.205273941349081,5.2209053946264055,2580260.0,17391010.0
2022-03-11,5.1271166749624575,5.322509840929015,5.111485221685133,5.3146941142903525,2373141.0,15804935.0
2022-03-14,5.2990626610130285,5.2990626610130285,5.1271166749624575,5.1271166749624575,2458960.0,16343832.0
2022-03-15,5.103669495046471,5.1271166749624575,4.869197695886603,4.877013422525265,2974560.0,19110890.0
2022-03-16,5.072406588491822,5.080222315130484,4.830119062693291,5.048959408575835,2581231.0,16433439.0
2022-03-17,5.103669495046471,5.166195308155769,5.017696502021186,5.041143681937173,2035020.0,13251886.0
2022-03-18,5.041143681937173,5.1505638548784445,5.002065048743862,5.13493240160112,1589840.0,10396083.0
2022-03-21,5.1427481282397824,5.2443525745423925,5.111485221685133,5.2443525745423925,2385784.0,15837153.0
2022-03-22,5.23653684790373,5.2834312077357035,5.1740110347944315,5.2521683011810545,2130200.0,14263054.0
2022-03-23,5.2443525745423925,5.2756154810970415,5.213089667987743,5.23653684790373,1594056.0,10684855.0
2022-03-24,5.2521683011810545,5.2521683011810545,5.13493240160112,5.1427481282397824,1975640.0,13105859.0
2022-03-25,5.189642488071756,5.23653684790373,5.166195308155769,5.213089667987743,2024880.0,13494085.0
2022-03-28,5.1427481282397824,5.2209053946264055,5.0958537684078085,5.1583795815171065,1393980.0,9199919.0
2022-03-29,5.166195308155769,5.205273941349081,5.041143681937173,5.056775135214497,1991020.0,12983564.0
2022-03-30,5.080222315130484,5.13493240160112,5.041143681937173,5.1271166749624575,1606280.0,10490905.0
2022-03-31,5.1505638548784445,5.4631929204249365,5.1271166749624575,5.447561467147612,7465180.0,51282660.0
2022-04-01,5.4241142872316255,5.4241142872316255,5.3146941142903525,5.353772747483664,3763844.0,25798222.0
2022-04-06,5.3381412942063395,5.564797366727546,5.2990626610130285,5.533534460172897,6497600.0,45493560.0
2022-04-07,5.486640100340923,5.51008728025691,5.4006671073156385,5.4319300138702875,2741340.0,19099474.0
2022-04-08,5.4162985605929626,5.4631929204249365,5.3068783876516905,5.369404200760989,3134052.0,21503726.0
2022-04-11,5.4084828339543005,5.478824373702261,5.3146941142903525,5.3615884741223265,3716760.0,25726042.0
2022-04-12,5.353772747483664,5.572613093366209,5.3381412942063395,5.549165913450221,6378632.0,45007836.0
2022-04-13,5.549165913450221,5.5882445466435335,5.4241142872316255,5.4631929204249365,4663760.0,32664562.0
2022-04-14,5.447561467147612,5.61169172655952,5.4162985605929626,5.4397457405089495,4606100.0,32379308.0
2022-04-15,5.3928513806769764,5.4241142872316255,5.2209053946264055,5.23653684790373,4877980.0,33067990.0
2022-04-18,5.1740110347944315,5.197458214710419,5.041143681937173,5.1583795815171065,3690900.0,24120908.0
2022-04-19,5.205273941349081,5.3303255675676775,5.1193009483237955,5.2756154810970415,3210892.0,21593202.0
2022-04-20,5.2677997544583794,5.807084892526077,5.23653684790373,5.807084892526077,9268100.0,67939824.0
2022-04-21,5.95558369866066,6.385448663787086,5.791453439248753,6.385448663787086,57769736.0,454610944.0
2022-04-22,6.080635324879257,6.619920462946955,5.846163525719389,5.932136518744673,50705488.0,407627200.0
2022-04-25,5.3381412942063395,5.4397457405089495,5.3381412942063395,5.3381412942063395,13697300.0,93713648.0
2022-04-26,4.806671882777305,4.908276329079914,4.806671882777305,4.806671882777305,21117074.0,130155808.0
2022-04-27,4.454964184037502,4.603462990172085,4.329912557818905,4.564384356978773,25286026.0,142696336.0
2022-04-28,4.431517004121515,4.501858543869475,4.189229478322984,4.228308111516296,18564516.0,102492512.0
2022-04-29,4.298649651264256,4.470595637314826,4.259571018070945,4.384622644289541,14528177.0,81235368.0
2022-05-05,4.423701277482853,4.494042817230813,4.306465377902918,4.454964184037502,12307302.0,69580208.0
2022-05-06,4.345544011096229,4.423701277482853,4.267386744709607,4.392438370928203,10338740.0,57697480.0
2022-05-09,4.392438370928203,4.501858543869475,4.376806917650878,4.44714845739884,8529740.0,48549224.0
2022-05-10,4.408069824205528,4.5174899971468,4.345544011096229,4.486227090592151,8297179.0,47234336.0
2022-05-11,4.533121450424124,4.626910170088072,4.415885550844191,4.439332730760177,11877142.0,69125320.0
2022-05-12,4.470595637314826,4.642541623365397,4.431517004121515,4.603462990172085,13162612.0,76660600.0
2022-05-13,4.603462990172085,4.665988803281383,4.540937177062786,4.580015810256098,9688531.0,56965440.0
2022-05-16,4.580015810256098,4.642541623365397,4.564384356978773,4.61909444344941,7418612.0,43689680.0
2022-05-17,4.626910170088072,4.658173076642721,4.5174899971468,4.595647263533423,5236000.0,30589460.0
2022-05-18,4.595647263533423,4.712883163113357,4.548752903701449,4.61909444344941,7010640.0,41726828.0
2022-05-19,4.548752903701449,4.697251709836032,4.548752903701449,4.658173076642721,6344300.0,37674284.0
2022-05-20,4.68943598319737,4.744146069668006,4.626910170088072,4.665988803281383,5954244.0,35490648.0
2022-05-23,4.673804529920046,4.75977752294533,4.650357350004059,4.720698889752019,4765600.0,28767868.0
2022-05-24,4.775408976222655,4.775408976222655,4.478411363953489,4.478411363953489,8524072.0,50195908.0
2022-05-25,4.494042817230813,4.603462990172085,4.494042817230813,4.58783153689476,4695200.0,27349752.0
2022-05-26,4.626910170088072,4.650357350004059,4.501858543869475,4.642541623365397,5116080.0,30005488.0
2022-05-27,4.642541623365397,4.681620256558708,4.595647263533423,4.658173076642721,4839320.0,28713254.0
2022-05-30,4.681620256558708,4.697251709836032,4.58783153689476,4.658173076642721,3718096.0,22054782.0
2022-05-31,4.658173076642721,4.681620256558708,4.595647263533423,4.673804529920046,3550824.0,21106070.0
2022-06-01,4.751961796306668,4.877013422525265,4.673804529920046,4.705067436474694,6396840.0,38722736.0
2022-06-02,4.712883163113357,4.744146069668006,4.626910170088072,4.728514616390681,4299477.0,25796254.0
2022-06-06,4.736330343029343,4.767593249583992,4.68943598319737,4.75977752294533,4237220.0,25701632.0
2022-06-07,4.751961796306668,4.751961796306668,4.650357350004059,4.712883163113357,4290760.0,25833638.0
2022-06-08,4.720698889752019,4.751961796306668,4.580015810256098,4.681620256558708,5109100.0,30468434.0
2022-06-09,4.658173076642721,4.681620256558708,4.548752903701449,4.580015810256098,4128441.0,24326312.0
2022-06-10,4.580015810256098,4.658173076642721,4.533121450424124,4.626910170088072,2838500.0,16780830.0
2022-06-13,4.595647263533423,4.681620256558708,4.540937177062786,4.681620256558708,3664900.0,21805056.0
2022-06-14,4.634725896726734,4.736330343029343,4.603462990172085,4.697251709836032,4927000.0,29377198.0
2022-06-15,4.697251709836032,4.75977752294533,4.68943598319737,4.697251709836032,5077000.0,30651034.0
2022-06-16,4.705067436474694,4.75977752294533,4.697251709836032,4.75977752294533,3797236.0,22957754.0
2022-06-17,5.134429063212942,5.159973486413006,5.057795793612749,5.117399447746232,3279133.0,19672236.0
2022-06-20,5.117399447746232,5.177003101879715,5.100369832279522,5.1684882941463615,3396100.0,20520692.0
2022-06-21,5.177003101879715,5.381358487480231,5.134429063212942,5.296210410146682,9095339.0,56467000.0
2022-06-22,5.313240025613393,5.313240025613393,5.142943870946296,5.18551790961307,5789472.0,35409308.0
2022-06-23,5.18551790961307,5.287695602413328,5.177003101879715,5.279180794679974,4497080.0,27696914.0
2022-06-24,5.313240025613393,5.43244733388036,5.313240025613393,5.406902910680295,5809282.0,36634980.0
2022-06-27,5.41541771841365,5.636802719480875,5.372843679746875,5.577199065347391,9632436.0,62505152.0
2022-06-28,5.568684257614036,5.807098874147971,5.466506564813779,5.781554450947906,11579098.0,77362112.0
2022-06-29,5.781554450947906,5.8156136818813255,5.543139834413972,5.560169449880681,8813048.0,58359500.0
2022-06-30,5.543139834413972,5.6623471426809395,5.500565795747198,5.526110218947262,5253160.0,34375568.0
2022-07-01,5.543139834413972,5.602743488547455,5.449476949347069,5.500565795747198,3790668.0,24572750.0
2022-07-04,5.466506564813779,5.526110218947262,5.372843679746875,5.449476949347069,4473277.0,28467874.0
2022-07-05,5.440962141613714,5.466506564813779,5.304725217880038,5.3983881029469405,4944352.0,31170438.0
2022-07-06,5.381358487480231,5.9348209901482925,5.304725217880038,5.585713873080746,16666558.0,109489064.0
2022-07-07,5.585713873080746,5.653832334947584,5.423932526147005,5.466506564813779,9855751.0,63472408.0
2022-07-08,5.466506564813779,5.730465604547778,5.43244733388036,5.653832334947584,11470120.0,75682616.0
2022-07-11,5.653832334947584,5.670861950414294,5.466506564813779,5.577199065347391,6562260.0,42717004.0
2022-07-12,5.517595411213908,5.619773104014165,5.440962141613714,5.449476949347069,5467457.0,35389456.0
2022-07-13,5.41541771841365,5.560169449880681,5.381358487480231,5.5516546421473265,4780780.0,31016154.0
2022-07-14,5.560169449880681,5.560169449880681,5.457991757080424,5.483536180280488,3923020.0,25307478.0
2022-07-15,5.492050988013843,5.509080603480553,5.338784448813456,5.364328872013521,4146700.0,26333732.0
2022-07-18,5.372843679746875,5.636802719480875,5.347299256546812,5.636802719480875,6730912.0,44000968.0
2022-07-19,5.636802719480875,5.687891565881003,5.577199065347391,5.679376758147648,4869060.0,32311756.0
2022-07-20,5.721950796814422,5.721950796814422,5.602743488547455,5.6623471426809395,3296420.0,21825116.0
2022-07-21,5.670861950414294,5.687891565881003,5.602743488547455,5.619773104014165,4589118.0,30411090.0
2022-07-22,5.62828791174752,6.002939452015131,5.619773104014165,5.960365413348357,16408971.0,112884664.0
2022-07-25,5.849672912814745,5.849672912814745,5.636802719480875,5.730465604547778,10376971.0,69719448.0
2022-07-26,5.704921181347713,6.224324453082355,5.62828791174752,6.002939452015131,16298514.0,113682864.0
2022-07-27,5.943335797881647,5.960365413348357,5.832643297348035,5.951850605615002,11262341.0,78094624.0
2022-07-28,5.926306182414938,6.019969067481841,5.900761759214873,5.994424644281776,10824113.0,75680192.0
2022-07-29,6.113631952548743,6.113631952548743,5.892246951481519,5.926306182414938,7233469.0,50760300.0
2022-08-01,5.960365413348357,6.03699868294855,5.917791374681583,6.002939452015131,6916760.0,48650748.0
2022-08-02,5.926306182414938,5.960365413348357,5.696406373614359,5.781554450947906,8116600.0,55613464.0
2022-08-03,5.82412848961468,5.943335797881647,5.636802719480875,5.687891565881003,6430328.0,43912344.0
2022-08-04,5.696406373614359,5.832643297348035,5.653832334947584,5.798584066414615,4462845.0,30067068.0
2022-08-05,5.790069258681261,5.82412848961468,5.696406373614359,5.781554450947906,3649020.0,24616310.0
2022-08-08,5.790069258681261,6.002939452015131,5.704921181347713,5.9348209901482925,5379140.0,37174044.0
2022-08-09,5.943335797881647,6.045513490681905,5.84115810508139,5.951850605615002,4478432.0,31108516.0
2022-08-10,5.943335797881647,6.03699868294855,5.875217336014809,6.028483875215195,5081020.0,35624436.0
2022-08-11,6.190265222148936,6.190265222148936,5.994424644281776,6.03699868294855,6248400.0,44372288.0
2022-08-12,6.105117144815388,6.624520416550031,6.019969067481841,6.24986887628242,17477156.0,129291912.0
2022-08-15,6.1987800298822915,6.752242532550353,6.079572721615324,6.454224261882935,16202959.0,120362136.0
2022-08-16,6.369076184549387,6.939568302684159,6.24986887628242,6.743727724816998,24744182.0,192116176.0
2022-08-17,6.581946377883257,6.982142341350932,6.454224261882935,6.67560926295016,26352728.0,206735328.0
2022-08-18,6.547887146949838,6.982142341350932,6.4286798386828705,6.624520416550031,21872272.0,171766992.0
2022-08-19,6.547887146949838,7.288675419751706,6.454224261882935,7.288675419751706,15003488.0,124278848.0
2022-08-22,7.646297344552607,8.020948884820218,7.646297344552607,8.020948884820218,13068712.0,121170104.0
2022-08-23,8.020948884820218,8.77025196535544,7.697386190952734,7.961345230686733,63773504.0,616735808.0
2022-08-24,7.51006042081893,8.003919269353508,7.169468111484738,7.169468111484738,43989048.0,387636800.0
2022-08-25,6.982142341350932,7.016201572284352,6.454224261882935,6.513827916016419,34654268.0,272213088.0
2022-08-26,6.513827916016419,6.590461185616612,6.1987800298822915,6.215809645349001,25653832.0,191488704.0
2022-08-29,6.113631952548743,6.539372339216483,6.088087529348679,6.411650223216161,20515340.0,153364416.0
2022-08-30,6.4286798386828705,6.633035224283386,6.326502145882613,6.46273906961629,15223238.0,115593048.0
2022-08-31,6.46273906961629,6.513827916016419,6.045513490681905,6.071057913881969,16711320.0,121436336.0
2022-09-01,6.1221467602820985,6.130661568015453,5.994424644281776,6.062543106148614,8737637.0,62236948.0
2022-09-02,6.1221467602820985,6.300957722682549,6.03699868294855,6.2754132994824845,10862005.0,79047040.0
2022-09-05,6.26689849174913,6.394620607749451,6.156205991215518,6.215809645349001,8159600.0,59923956.0
2022-09-06,6.300957722682549,6.377590992282742,6.147691183482162,6.326502145882613,12077640.0,88981032.0
2022-09-07,6.326502145882613,6.760757340283708,6.24986887628242,6.581946377883257,21084770.0,161268192.0
2022-09-08,6.581946377883257,6.633035224283386,6.403135415482806,6.420165030949516,13483117.0,102880128.0
2022-09-09,6.471253877349644,6.5053131082830635,6.224324453082355,6.241354068549065,8192260.0,60502968.0
2022-09-13,6.24986887628242,6.539372339216483,6.24986887628242,6.386105800016097,9004848.0,67512760.0
2022-09-14,6.26689849174913,6.411650223216161,6.173235606682227,6.283928107215839,7278469.0,53638940.0
2022-09-15,6.343531761349323,6.369076184549387,5.985909836548421,6.079572721615324,8359100.0,60038036.0
2022-09-16,6.05402829841526,6.088087529348679,5.7389804122811325,5.773039643214552,7041448.0,48726864.0
2022-09-19,5.721950796814422,5.84115810508139,5.704921181347713,5.764524835481196,4985108.0,33770140.0
2022-09-20,5.781554450947906,6.002939452015131,5.781554450947906,5.977395028815066,6159460.0,42919352.0
2022-09-21,5.943335797881647,6.019969067481841,5.849672912814745,5.968880221081712,3899200.0,27267494.0
2022-09-22,5.926306182414938,6.0114542597484855,5.900761759214873,5.9348209901482925,3508380.0,24614714.0
2022-09-23,5.943335797881647,6.071057913881969,5.730465604547778,5.747495220014487,5369963.0,36777872.0
2022-09-26,5.747495220014487,5.849672912814745,5.696406373614359,5.696406373614359,4586609.0,31137472.0
2022-09-27,5.696406373614359,5.866702528281454,5.645317527214229,5.798584066414615,4360497.0,29428226.0
2022-09-28,5.798584066414615,5.798584066414615,5.4750213725471335,5.4750213725471335,6106880.0,40151716.0
2022-09-29,5.577199065347391,5.619773104014165,5.389873295213586,5.449476949347069,3779420.0,24278400.0
2022-09-30,5.449476949347069,5.543139834413972,5.41541771841365,5.457991757080424,3706732.0,23850888.0
2022-10-10,5.526110218947262,5.602743488547455,5.3983881029469405,5.41541771841365,4177200.0,26904942.0
2022-10-11,5.457991757080424,5.483536180280488,5.347299256546812,5.466506564813779,2575420.0,16403920.0
2022-10-12,5.526110218947262,5.696406373614359,5.3983881029469405,5.696406373614359,8530100.0,55476068.0
2022-10-13,5.602743488547455,5.807098874147971,5.585713873080746,5.687891565881003,7925853.0,53122644.0
2022-10-14,5.730465604547778,5.8156136818813255,5.687891565881003,5.764524835481196,5179840.0,35075248.0
2022-10-17,5.764524835481196,6.079572721615324,5.747495220014487,6.071057913881969,8548380.0,59998356.0
2022-10-18,6.028483875215195,6.147691183482162,6.0114542597484855,6.113631952548743,7976298.0,57118720.0
2022-10-19,6.113631952548743,6.147691183482162,6.019969067481841,6.045513490681905,5137805.0,36653592.0
2022-10-20,5.985909836548421,6.1221467602820985,5.951850605615002,6.088087529348679,4322560.0,30664562.0
2022-10-21,6.096602337082034,6.326502145882613,6.045513490681905,6.258383684015774,8140713.0,59275800.0
2022-10-24,6.258383684015774,6.556401954683193,6.241354068549065,6.44570945414958,15237332.0,115068720.0
2022-10-25,6.377590992282742,6.437194646416225,6.215809645349001,6.343531761349323,9687550.0,71925896.0
2022-10-26,6.343531761349323,6.598975993349967,6.292442914949194,6.513827916016419,10218832.0,77019392.0
2022-10-27,6.44570945414958,6.513827916016419,6.317987338149258,6.326502145882613,7222472.0,54241820.0
2022-10-28,6.283928107215839,6.3520465690826775,6.0114542597484855,6.079572721615324,7084516.0,51517568.0
2022-10-31,6.164720798948872,6.317987338149258,6.071057913881969,6.232839260815711,5130280.0,37486640.0
2022-11-01,6.232839260815711,6.394620607749451,6.224324453082355,6.369076184549387,4954224.0,36801780.0
2022-11-02,6.309472530415904,6.411650223216161,6.309472530415904,6.343531761349323,5401416.0,40368372.0
2022-11-03,6.4286798386828705,6.4286798386828705,6.24986887628242,6.386105800016097,4833626.0,35970148.0
2022-11-04,6.411650223216161,6.488283492816354,6.377590992282742,6.411650223216161,6569350.0,49764604.0
2022-11-07,6.403135415482806,6.5053131082830635,6.3520465690826775,6.386105800016097,4186808.0,31463506.0
2022-11-08,6.386105800016097,6.46273906961629,6.300957722682549,6.360561376816032,3306300.0,24627678.0
2022-11-09,6.360561376816032,6.420165030949516,6.283928107215839,6.3520465690826775,3299377.0,24633648.0
2022-11-10,6.309472530415904,6.343531761349323,6.215809645349001,6.215809645349001,3887000.0,28558244.0
2022-11-11,6.326502145882613,6.386105800016097,6.181750414415581,6.181750414415581,4382320.0,32288742.0
2022-11-14,6.164720798948872,6.420165030949516,6.130661568015453,6.420165030949516,7654792.0,56814420.0
2022-11-15,6.360561376816032,6.420165030949516,6.292442914949194,6.411650223216161,7125080.0,53219276.0
2022-11-16,6.44570945414958,6.44570945414958,6.317987338149258,6.335016953615968,4008900.0,29953236.0
2022-11-17,6.309472530415904,6.403135415482806,6.26689849174913,6.403135415482806,4500372.0,33537614.0
2022-11-18,6.386105800016097,6.598975993349967,6.369076184549387,6.488283492816354,9080052.0,69251888.0
2022-11-21,6.343531761349323,6.794816571217127,5.994424644281776,6.633035224283386,20933930.0,156930400.0
2022-11-22,6.624520416550031,6.624520416550031,6.24986887628242,6.2754132994824845,12223281.0,92017648.0
2022-11-23,6.309472530415904,6.317987338149258,6.0114542597484855,6.173235606682227,8132183.0,58580360.0
2022-11-24,6.215809645349001,6.794816571217127,6.130661568015453,6.794816571217127,11064340.0,86363592.0
2022-11-25,7.016201572284352,7.08432003415119,6.616005608816676,6.650064839750095,34191072.0,274259680.0
2022-11-28,6.530857531483128,6.64155003201674,6.454224261882935,6.573431570149902,16436552.0,126288768.0
2022-11-29,6.530857531483128,6.598975993349967,6.411650223216161,6.590461185616612,16185703.0,123925536.0
2022-11-30,6.590461185616612,6.590461185616612,6.437194646416225,6.522342723749773,11891829.0,90639832.0
2022-12-01,6.522342723749773,6.581946377883257,6.437194646416225,6.454224261882935,11123411.0,84815672.0
2022-12-02,6.44570945414958,6.488283492816354,6.369076184549387,6.488283492816354,7587490.0,57500384.0
2022-12-05,6.488283492816354,6.513827916016419,6.403135415482806,6.454224261882935,8767860.0,66327708.0
2022-12-06,6.411650223216161,6.4286798386828705,6.26689849174913,6.300957722682549,8302294.0,61642820.0
2022-12-07,6.258383684015774,6.343531761349323,6.215809645349001,6.335016953615968,5083328.0,37643604.0
2022-12-08,6.335016953615968,6.598975993349967,6.309472530415904,6.394620607749451,9835288.0,74373592.0
2022-12-09,6.377590992282742,6.44570945414958,6.283928107215839,6.369076184549387,7624606.0,56988444.0
2022-12-12,6.335016953615968,6.343531761349323,6.190265222148936,6.1987800298822915,5657214.0,41411244.0
2022-12-13,6.224324453082355,6.232839260815711,6.088087529348679,6.113631952548743,4943992.0,35644948.0
2022-12-14,6.130661568015453,6.232839260815711,6.088087529348679,6.164720798948872,4083160.0,29481804.0
2022-12-15,6.147691183482162,6.1987800298822915,6.105117144815388,6.164720798948872,2814180.0,20362184.0
2022-12-16,6.1221467602820985,6.139176375748807,5.900761759214873,5.909276566948228,6527856.0,45813308.0
2022-12-19,5.9348209901482925,6.05402829841526,5.730465604547778,5.849672912814745,4741336.0,32469664.0
2022-12-20,5.798584066414615,5.900761759214873,5.756010027747841,5.8156136818813255,2653602.0,18186344.0
2022-12-21,5.875217336014809,5.900761759214873,5.764524835481196,5.883732143748164,3042340.0,20849934.0
2022-12-22,5.883732143748164,5.9348209901482925,5.6623471426809395,5.6623471426809395,3283840.0,22314848.0
2022-12-23,5.679376758147648,5.764524835481196,5.62828791174752,5.7389804122811325,2513600.0,16819280.0
2022-12-26,5.764524835481196,5.82412848961468,5.721950796814422,5.82412848961468,2238600.0,15238650.0
2022-12-27,5.866702528281454,5.875217336014809,5.764524835481196,5.84115810508139,2355876.0,16108129.0
2022-12-28,5.798584066414615,5.82412848961468,5.687891565881003,5.696406373614359,2338900.0,15777496.0
2022-12-29,5.696406373614359,5.8156136818813255,5.6623471426809395,5.713435989081068,1963416.0,13176257.0
2022-12-30,5.704921181347713,5.8156136818813255,5.679376758147648,5.807098874147971,2603116.0,17631188.0
2023-01-03,5.82412848961468,6.002939452015131,5.790069258681261,5.960365413348357,4837880.0,33675408.0
2023-01-04,5.977395028815066,6.062543106148614,5.951850605615002,6.019969067481841,4507100.0,31771200.0
2023-01-05,6.05402829841526,6.05402829841526,5.977395028815066,6.028483875215195,2973200.0,21052808.0
2023-01-06,6.03699868294855,6.113631952548743,5.994424644281776,6.0114542597484855,3277520.0,23294532.0
2023-01-09,6.05402829841526,6.130661568015453,6.045513490681905,6.079572721615324,3255100.0,23284852.0
2023-01-10,6.088087529348679,6.088087529348679,6.002939452015131,6.0114542597484855,2565090.0,18191316.0
2023-01-11,6.0114542597484855,6.071057913881969,5.926306182414938,5.9348209901482925,2509603.0,17657092.0
2023-01-12,5.994424644281776,6.045513490681905,5.9348209901482925,5.994424644281776,2630437.0,18558694.0
2023-01-13,5.994424644281776,6.019969067481841,5.9348209901482925,5.968880221081712,2059084.0,14429403.0
2023-01-16,5.968880221081712,6.045513490681905,5.968880221081712,6.045513490681905,2046540.0,14463604.0
2023-01-17,6.045513490681905,6.079572721615324,6.0114542597484855,6.062543106148614,2123396.0,15106351.0
2023-01-18,6.028483875215195,6.147691183482162,6.028483875215195,6.130661568015453,2974512.0,21345518.0
2023-01-19,6.105117144815388,6.173235606682227,6.079572721615324,6.164720798948872,2805540.0,20262302.0
2023-01-20,6.1987800298822915,6.24986887628242,6.173235606682227,6.215809645349001,3507350.0,25600086.0
2023-01-30,6.300957722682549,6.8373906098839,6.26689849174913,6.8373906098839,13049342.0,100742904.0
2023-01-31,7.407882728018672,7.518575228552285,7.203527342418158,7.518575228552285,17345996.0,151709664.0
2023-02-01,8.267878309087507,8.267878309087507,8.029463692553572,8.267878309087507,22863248.0,221933296.0
2023-02-02,9.093814659222922,9.093814659222922,8.506292925621441,9.093814659222922,46546080.0,492645600.0
2023-02-03,9.35777369895692,10.004899086691886,9.35777369895692,10.004899086691886,32756336.0,373563872.0
2023-02-06,10.217769280025754,11.00964639922775,9.008666581889374,10.302917357359302,86293496.0,971888512.0
2023-02-07,9.945295432558401,10.01341389442524,9.272625621623373,9.272625621623373,68158864.0,768589440.0
2023-02-08,8.821340811755567,9.255596006156662,8.387085617354474,8.863914850422342,61159948.0,623916864.0
2023-02-09,8.582926195221633,9.170447928823114,8.429659656021247,9.14490350562305,54903344.0,568676800.0
2023-02-10,8.966092543222599,10.055987933092014,8.889459273622407,9.502525430423953,76868312.0,859242752.0
2023-02-13,9.706880816024468,10.2092544722924,9.37480331442363,9.596188315490854,66202196.0,755561600.0
2023-02-14,9.366288506690275,9.459951391757178,8.77025196535544,8.880944465889051,50520152.0,533639296.0
2023-02-15,8.838370427222278,9.766484470157952,8.838370427222278,9.766484470157952,32665136.0,365328224.0
2023-02-16,10.047473125358659,10.456183896559688,9.39183292989034,9.40886254535705,72887008.0,853933952.0
2023-02-17,9.442921776290468,10.35400620375943,9.306684852556792,10.35400620375943,54950728.0,630927040.0
2023-02-20,10.362521011492786,10.898953898694138,9.868662162958207,10.4732135120264,68237576.0,832489344.0
2023-02-21,10.047473125358659,11.358753516295296,10.047473125358659,10.933013129627557,65439576.0,820790720.0
2023-02-22,10.643509666693495,10.873409475494073,10.319946972826012,10.515787550693172,44858512.0,559451136.0
2023-02-23,10.515787550693172,10.677568897626912,9.587673507757499,9.63876235415763,40102304.0,467986912.0
2023-02-24,9.902721393891628,10.319946972826012,9.630247546424274,9.851632547491498,33636352.0,391160384.0
2023-02-27,9.630247546424274,9.78351408562466,9.16193312108976,9.289655237090082,29945410.0,332451968.0
2023-02-28,9.40886254535705,9.442921776290468,9.008666581889374,9.298170044823436,23872712.0,257379584.0
2023-03-01,9.213021967489889,9.706880816024468,9.187477544289823,9.51955504589066,29302752.0,325326624.0
2023-03-02,9.476981007223888,9.919751009358338,9.383318122156984,9.664306777357693,33331684.0,378263424.0
2023-03-03,9.37480331442363,9.451436584023822,9.034211005089437,9.119359082422987,29026974.0,314364992.0
2023-03-06,9.153418313356406,9.298170044823436,9.068270236022858,9.170447928823114,14722405.0,158374336.0
2023-03-07,9.221536775223244,9.545099469090726,8.957577735489245,9.332229275756857,28197736.0,306660896.0
2023-03-08,9.272625621623373,9.451436584023822,8.991636966422664,9.102329466956276,20343256.0,218307712.0
2023-03-09,9.110844274689631,9.12787389015634,8.68510388802189,8.863914850422342,21759018.0,225281712.0
2023-03-10,8.778766773088794,9.085299851489566,8.651044657088473,8.889459273622407,20965352.0,217816528.0
2023-03-13,9.085299851489566,9.349258891223565,8.94906292775589,8.974607350955953,24660164.0,264219344.0
2023-03-14,8.863914850422342,8.93203331228918,8.57441138748828,8.651044657088473,20156272.0,206592576.0
2023-03-15,8.727677926688665,8.872429658155697,8.642529849355117,8.651044657088473,10667896.0,109463264.0
2023-03-16,8.651044657088473,8.693618695755246,8.480748502421378,8.480748502421378,10186552.0,102520528.0
2023-03-17,8.548866964288214,8.838370427222278,8.514807733354795,8.642529849355117,13353842.0,135562384.0
2023-03-20,8.642529849355117,8.744707542155375,8.446689271487957,8.54035215655486,11682060.0,117584936.0
2023-03-21,8.531837348821504,8.744707542155375,8.489263310154731,8.736192734422021,11950588.0,121662952.0
2023-03-22,8.744707542155375,8.93203331228918,8.702133503488602,8.89797408135576,15044792.0,156097760.0
2023-03-23,8.795796388555503,9.306684852556792,8.795796388555503,9.306684852556792,31198660.0,333725056.0
2023-03-24,9.3237144680235,9.3237144680235,9.017181389622728,9.119359082422987,24001228.0,257109232.0
2023-03-27,9.076785043756212,9.187477544289823,8.923518504555826,9.059755428289503,15435884.0,163645376.0
2023-03-28,9.042725812822793,9.042725812822793,8.753222349888729,8.753222349888729,12820902.0,132911992.0
2023-03-29,8.736192734422021,8.778766773088794,8.634015041621764,8.668074272555181,9596714.0,98079368.0
2023-03-30,8.651044657088473,8.651044657088473,8.480748502421378,8.54035215655486,7975616.0,80091520.0
2023-03-31,8.94906292775589,9.042725812822793,8.582926195221633,8.68510388802189,11861302.0,121363320.0
2023-04-03,8.599955810688343,8.736192734422021,8.514807733354795,8.710648311221956,12985762.0,131466560.0
2023-04-04,8.676589080288537,8.676589080288537,8.29342273228757,8.335996770954344,17250872.0,170669392.0
2023-04-06,8.13164138535383,8.216789462687379,7.995404461620153,8.09758215442041,13122858.0,124652552.0
2023-04-07,8.0805525389537,8.233819078154088,8.012434077086862,8.157185808553894,6650832.0,63703248.0
2023-04-10,8.225304270420732,8.225304270420732,7.910256384286605,7.978374846153443,8267815.0,77865416.0
2023-04-11,7.978374846153443,8.046493308020281,7.93580080748667,7.961345230686733,6175740.0,57946692.0
2023-04-12,7.969860038420088,8.072037731220346,7.93580080748667,8.046493308020281,6200280.0,58352968.0
2023-04-13,8.072037731220346,8.089067346687056,7.842137922419767,7.876197153353186,6742460.0,62641320.0
2023-04-14,7.876197153353186,7.93580080748667,7.748475037352864,7.88471196108654,5352120.0,49416252.0
2023-04-17,7.833623114686412,7.93580080748667,7.799563883752993,7.93580080748667,5533756.0,51138432.0
2023-04-18,7.927285999753315,7.927285999753315,7.748475037352864,7.799563883752993,4796536.0,43932448.0
2023-04-19,7.782534268286284,7.876197153353186,7.756989845086219,7.782534268286284,4803928.0,44075812.0
2023-04-20,7.833623114686412,7.842137922419767,7.629267729085898,7.816593499219702,5874500.0,53345116.0
2023-04-21,7.765504652819573,7.816593499219702,7.518575228552285,7.578178882685768,6461020.0,57779184.0
2023-04-24,7.808078691486347,7.816593499219702,7.280160612018351,7.339764266151833,11714984.0,102736600.0
2023-04-25,7.3057050352184145,7.373823497085253,7.058775610951125,7.1950125346848015,9161269.0,77326888.0
2023-04-26,7.109864457351254,7.365308689351899,7.092834841884545,7.322734650685124,6888280.0,58899520.0
2023-04-27,7.322734650685124,7.348279073885189,7.1950125346848015,7.237586573351576,4853500.0,41435572.0
2023-04-28,7.288675419751706,7.4930308053522205,7.254616188818286,7.467486382152155,5245100.0,45632228.0
2023-05-04,7.467486382152155,7.552634459485703,7.3823383048186075,7.4930308053522205,4574860.0,40172428.0
2023-05-05,7.484515997618865,7.5356048440189936,7.3823383048186075,7.4163975357520275,4920700.0,43041084.0
2023-05-08,7.407882728018672,7.586693690419123,7.407882728018672,7.47600118988551,5353700.0,47161504.0
2023-05-09,7.4589715744188005,7.467486382152155,7.288675419751706,7.322734650685124,6028460.0,52053396.0
2023-05-10,7.314219842951769,7.4163975357520275,7.254616188818286,7.390853112551962,4653172.0,40126708.0
2023-05-11,7.373823497085253,7.467486382152155,7.322734650685124,7.433427151218737,3406860.0,29624768.0
2023-05-12,7.450456766685446,7.51006042081893,7.331249458418479,7.339764266151833,4211547.0,36630928.0
2023-05-15,7.373823497085253,7.518575228552285,7.331249458418479,7.51006042081893,4516720.0,39367144.0
2023-05-16,7.51006042081893,7.629267729085898,7.424912343485382,7.47600118988551,5307400.0,46873540.0
2023-05-17,7.484515997618865,7.791049076019638,7.433427151218737,7.791049076019638,13900000.0,125644496.0
2023-05-18,7.748475037352864,7.995404461620153,7.731445421886154,7.825108306953057,15710180.0,144535200.0
2023-05-19,7.791049076019638,7.859167537886477,7.731445421886154,7.842137922419767,8092964.0,74271552.0
2023-05-22,7.859167537886477,8.089067346687056,7.808078691486347,7.969860038420088,10329452.0,96377680.0
2023-05-23,7.90174157655325,8.012434077086862,7.808078691486347,7.927285999753315,8513116.0,79177648.0
2023-05-24,7.927285999753315,8.318967155487634,7.90174157655325,8.225304270420732,21528312.0,207034416.0
2023-05-25,8.072037731220346,8.09758215442041,7.825108306953057,7.944315615220025,16359860.0,152403632.0
2023-05-26,7.876197153353186,7.986889653886799,7.799563883752993,7.927285999753315,9158500.0,85089176.0
2023-05-29,7.90174157655325,7.952830422953379,7.756989845086219,7.791049076019638,7368780.0,67688280.0
2023-05-30,7.765504652819573,7.833623114686412,7.705900998686091,7.825108306953057,5637000.0,51496608.0
2023-05-31,7.850652730153122,7.88471196108654,7.739960229619509,7.782534268286284,4183800.0,38366732.0
2023-06-01,7.782534268286284,7.969860038420088,7.765504652819573,7.910256384286605,6451360.0,59910196.0
2023-06-02,7.910256384286605,7.944315615220025,7.714415806419445,7.714415806419445,7197420.0,65624928.0
2023-06-05,7.714415806419445,7.774019460552929,7.654812152285961,7.748475037352864,4484552.0,40710364.0
2023-06-06,7.748475037352864,7.748475037352864,7.47600118988551,7.4930308053522205,5857900.0,52150328.0
2023-06-07,7.501545613085575,7.595208498152478,7.450456766685446,7.544119651752348,2919532.0,25863000.0
2023-06-08,7.47600118988551,7.51006042081893,7.348279073885189,7.450456766685446,4272120.0,37305672.0
2023-06-09,7.467486382152155,7.731445421886154,7.407882728018672,7.569664074952414,4789420.0,42582912.0
2023-06-12,7.518575228552285,7.799563883752993,7.441941958952092,7.791049076019638,7668060.0,69247560.0
2023-06-13,7.714415806419445,7.739960229619509,7.552634459485703,7.578178882685768,7319100.0,65369816.0
2023-06-14,7.578178882685768,7.671841767752671,7.4589715744188005,7.629267729085898,5638490.0,50081664.0
2023-06-15,7.569664074952414,8.395600425087828,7.5356048440189936,8.395600425087828,15192882.0,145066208.0
2023-06-16,8.812826004022213,9.00015177415602,8.429659656021247,8.506292925621441,46445296.0,471740128.0
2023-06-19,8.52332254108815,8.565896579754925,8.344511578687701,8.404115232821182,22079294.0,218235328.0
2023-06-20,8.686606495712628,9.127999102202091,8.55418871376579,8.898474946827571,31753264.0,319619424.0
2023-06-21,8.819024277659468,8.969097763865884,8.563016565895579,8.580672270155159,17398396.0,172009104.0
2023-06-26,8.580672270155159,8.713090052101995,8.254041741352955,8.289353149872113,12142160.0,115710336.0
2023-06-27,8.298181002001902,8.589500122284948,8.298181002001902,8.563016565895579,10144786.0,97547512.0
2023-06-28,8.518877305246633,8.7925407212701,8.20990248070401,8.748401460621153,16148258.0,156636864.0
2023-06-29,8.695434347842417,8.924958503216939,8.633639382933893,8.819024277659468,14424420.0,144308336.0
2023-06-30,8.766057164880731,8.986753468125462,8.748401460621153,8.951442059606306,16123760.0,162691904.0
2023-07-03,8.995581320255251,8.995581320255251,8.651295087193471,8.713090052101995,12608040.0,124926416.0
2023-07-04,8.730745756361575,9.13682695433188,8.713090052101995,8.951442059606306,20764590.0,210901408.0
2023-07-05,8.889647094697782,8.969097763865884,8.748401460621153,8.766057164880731,10510402.0,105165528.0
2023-07-06,8.757229312750942,8.7925407212701,8.563016565895579,8.766057164880731,6213856.0,61471284.0
2023-07-07,8.766057164880731,8.766057164880731,8.536533009506211,8.57184441802537,6059380.0,59075316.0
2023-07-10,8.598327974414737,8.633639382933893,8.377631671170004,8.404115227559371,6088110.0,58285656.0
2023-07-11,8.386459523299793,8.42177093181895,8.31583670626148,8.342320262650846,4985820.0,47129880.0
2023-07-12,8.730745756361575,9.180966214980828,8.730745756361575,9.180966214980828,9629850.0,99330760.0
2023-07-13,9.436973926744715,10.09906283647891,9.269244736278718,10.09906283647891,66739796.0,733928896.0
2023-07-14,10.143202097127856,11.105437979274885,9.940161498142702,10.796463154732262,74107944.0,885344256.0
2023-07-17,9.72829304702776,9.96664505453207,9.719465194897971,9.719465194897971,37863828.0,418443104.0
2023-07-18,9.49876889165324,10.69052892917479,9.38400681396598,10.69052892917479,50573936.0,566025856.0
2023-07-19,10.858258119640785,11.75869903687929,10.708184633434369,11.511519177245189,72344488.0,923793856.0
2023-07-20,10.752323894083315,12.094157417811282,10.699356781304578,11.193716500572776,61843248.0,797037824.0
2023-07-21,11.04364301436636,11.184888648442987,10.240308470555537,10.293275583334273,43863192.0,524379936.0
2023-07-24,10.434521217410902,10.57576685148753,9.75477660341713,10.001956463051227,32339884.0,368763552.0
2023-07-25,9.948989350272491,10.399209808891744,9.887194385363967,9.98430075879165,31060154.0,355371616.0
2023-07-26,9.940161498142702,10.019612167310806,9.657670229989446,9.781260159806497,25451030.0,282055936.0
2023-07-27,9.604703117210711,9.843055124715022,9.560563856561766,9.59587526508092,13561632.0,148969232.0
2023-07-28,9.6135309693405,9.62235882147029,9.233933327759564,9.410490370355348,13731192.0,146010592.0
2023-07-31,9.419318222485137,9.489941039523451,9.313383996927666,9.410490370355348,11245085.0,119797840.0
2023-08-01,9.428146074614926,9.428146074614926,9.039720580904198,9.127999102202091,14072973.0,145591408.0
2023-08-02,9.110343397942513,9.269244736278718,8.977925615995673,9.216277623499984,13783200.0,142633296.0
2023-08-03,9.092687693682935,9.13682695433188,8.960269911736095,9.083859841553144,9584200.0,98029696.0
2023-08-04,9.119171250072302,9.25158903201914,9.083859841553144,9.198621919240406,11924812.0,123843376.0
2023-08-07,9.198621919240406,9.357523257576611,9.154482658591458,9.304556144797875,13142880.0,137778720.0
2023-08-08,9.313383996927666,9.516424595912818,9.066204137293566,9.154482658591458,18847676.0,197938384.0
2023-08-09,9.039720580904198,9.225105475629773,8.986753468125462,9.03089272877441,8515316.0,87404248.0
2023-08-10,9.057376285163777,9.066204137293566,8.951442059606306,8.977925615995673,6092160.0,62005752.0
2023-08-11,9.013237024514831,9.092687693682935,8.889647094697782,8.960269911736095,7802700.0,79526736.0
2023-08-14,8.898474946827571,9.225105475629773,8.827852129789257,9.225105475629773,9777978.0,100493032.0
2023-08-15,9.180966214980828,9.216277623499984,8.951442059606306,9.02206487664462,7232380.0,74197840.0
2023-08-16,9.02206487664462,9.03089272877441,8.889647094697782,8.91613065108715,5317000.0,53901040.0
2023-08-17,8.880819242567993,9.26041688414893,8.827852129789257,9.198621919240406,11793724.0,122006184.0
2023-08-18,9.225105475629773,9.304556144797875,8.986753468125462,8.986753468125462,6463904.0,66682176.0
2023-08-21,8.933786355346728,9.119171250072302,8.91613065108715,8.924958503216939,5096300.0,51980740.0
2023-08-22,8.960269911736095,9.119171250072302,8.836679981919046,9.110343397942513,6936162.0,70612520.0
2023-08-23,9.03089272877441,9.048548433033988,8.721917904231786,8.951442059606306,8602472.0,86906632.0
2023-08-24,8.951442059606306,9.172138362851038,8.730745756361575,9.02206487664462,9977340.0,101316056.0
2023-08-25,9.039720580904198,9.048548433033988,8.474738044597686,8.518877305246633,13883270.0,136357328.0
2023-08-28,8.880819242567993,8.933786355346728,8.404115227559371,8.41294307968916,10271600.0,100484168.0
2023-08-29,8.404115227559371,8.986753468125462,8.368803819040215,8.942614207476517,14774425.0,147575488.0
2023-08-30,8.933786355346728,9.242761179889353,8.91613065108715,9.13682695433188,11468280.0,118663520.0
2023-08-31,9.13682695433188,9.198621919240406,8.977925615995673,9.03089272877441,5179780.0,53155156.0
2023-09-01,9.039720580904198,9.180966214980828,8.951442059606306,9.101515545812724,5693720.0,58533804.0
2023-09-04,9.180966214980828,9.216277623499984,9.048548433033988,9.216277623499984,6259260.0,64805252.0
2023-09-05,9.180966214980828,9.313383996927666,9.083859841553144,9.207449771370195,8122700.0,84591808.0
2023-09-06,9.189794067110617,9.304556144797875,9.127999102202091,9.286900440538297,8867176.0,92820536.0
2023-09-07,9.313383996927666,9.322211849057455,9.048548433033988,9.048548433033988,8122965.0,83861864.0
2023-09-08,8.977925615995673,9.16331051072125,8.977925615995673,9.066204137293566,5992800.0,61623832.0
2023-09-11,9.00440917238504,9.14565480646167,8.986753468125462,9.110343397942513,5734712.0,59050044.0
2023-09-12,9.101515545812724,9.127999102202091,8.889647094697782,8.960269911736095,6491840.0,65992420.0
2023-09-13,8.91613065108715,8.960269911736095,8.633639382933893,8.739573608491364,7476737.0,74253080.0
2023-09-14,8.810196425529679,8.827852129789257,8.510049453116844,8.57184441802537,5662312.0,55291256.0
2023-09-15,8.607155826544526,8.695434347842417,8.43059878394874,8.474738044597686,4897452.0,47166212.0
2023-09-18,8.43059878394874,8.704262199972206,8.368803819040215,8.607155826544526,6801700.0,66196204.0
2023-09-19,8.545360861636,8.607155826544526,8.324664558391268,8.342320262650846,6606960.0,62743864.0
2023-09-20,8.307008854131691,8.474738044597686,8.280525297742324,8.31583670626148,3992060.0,37884360.0
2023-09-21,8.342320262650846,8.43942663607853,8.298181002001902,8.333492410521057,3450622.0,32701650.0
2023-09-22,8.298181002001902,8.651295087193471,8.289353149872113,8.642467235063682,6221160.0,60030524.0
2023-09-25,8.854335686178624,9.048548433033988,8.695434347842417,8.78371286914031,11013324.0,110429744.0
2023-09-26,8.704262199972206,9.00440917238504,8.695434347842417,8.951442059606306,10934244.0,110332144.0
2023-09-27,8.898474946827571,9.127999102202091,8.819024277659468,9.057376285163777,11263464.0,115389360.0
2023-09-28,9.075031989423355,9.075031989423355,8.863163538308413,8.986753468125462,8903820.0,90312184.0
2023-10-09,8.951442059606306,9.048548433033988,8.854335686178624,8.889647094697782,6226220.0,63026048.0
2023-10-10,9.331039701187244,9.525252448042608,9.02206487664462,9.110343397942513,17095536.0,177157696.0
2023-10-11,9.110343397942513,9.16331051072125,9.00440917238504,9.039720580904198,9114360.0,93506096.0
2023-10-12,9.02206487664462,9.101515545812724,8.942614207476517,8.977925615995673,5973480.0,60887568.0
2023-10-13,8.942614207476517,9.057376285163777,8.898474946827571,8.90730279895736,5222580.0,52954460.0
2023-10-16,8.969097763865884,8.969097763865884,8.730745756361575,8.80136857339989,4936300.0,49230460.0
2023-10-17,8.739573608491364,8.836679981919046,8.686606495712628,8.78371286914031,3560000.0,35287616.0
2023-10-18,8.730745756361575,8.77488501701052,8.545360861636,8.55418871376579,4848900.0,47205020.0
2023-10-19,8.589500122284948,8.66012293932326,8.465910192467897,8.465910192467897,4112780.0,39807232.0
2023-10-20,8.448254488208319,8.624811530804104,8.342320262650846,8.368803819040215,4577860.0,43846100.0
2023-10-23,8.271697445612533,8.386459523299793,7.9450669168103305,8.006861881718855,7286600.0,66812900.0
2023-10-24,8.015689733848644,8.333492410521057,8.015689733848644,8.218730332833799,6287960.0,58451168.0
2023-10-25,8.254041741352955,8.518877305246633,8.254041741352955,8.333492410521057,4923220.0,46643156.0
2023-10-26,8.280525297742324,8.395287375429582,8.236386037093377,8.377631671170004,4066080.0,38266224.0
2023-10-27,8.307008854131691,8.474738044597686,8.236386037093377,8.457082340338108,4918916.0,46701316.0
2023-10-30,8.465910192467897,8.527705157376422,8.280525297742324,8.510049453116844,6561790.0,62566896.0
2023-10-31,8.474738044597686,8.580672270155159,8.404115227559371,8.483565896727475,4227536.0,40624860.0
2023-11-01,8.465910192467897,8.57184441802537,8.404115227559371,8.518877305246633,3248964.0,31350564.0
2023-11-02,8.545360861636,8.607155826544526,8.333492410521057,8.333492410521057,3779900.0,36163408.0
2023-11-03,8.377631671170004,8.695434347842417,8.377631671170004,8.651295087193471,7120300.0,69466928.0
2023-11-06,8.66895079145305,8.819024277659468,8.66895079145305,8.819024277659468,5102400.0,50655560.0
2023-11-07,8.819024277659468,8.880819242567993,8.730745756361575,8.863163538308413,4392720.0,43859704.0
2023-11-08,8.827852129789257,8.889647094697782,8.77488501701052,8.836679981919046,4065512.0,40670664.0
2023-11-09,8.845507834048835,8.91613065108715,8.766057164880731,8.810196425529679,4243720.0,42473136.0
2023-11-10,8.748401460621153,8.845507834048835,8.739573608491364,8.810196425529679,2800944.0,27930924.0
2023-11-13,8.819024277659468,8.91613065108715,8.78371286914031,8.91613065108715,4383364.0,44056772.0
2023-11-14,8.91613065108715,9.013237024514831,8.889647094697782,8.995581320255251,4653060.0,47338004.0
2023-11-15,9.039720580904198,9.110343397942513,8.977925615995673,9.057376285163777,5381412.0,55180968.0
2023-11-16,9.075031989423355,9.127999102202091,8.960269911736095,8.977925615995673,3808460.0,38939436.0
2023-11-17,8.969097763865884,9.119171250072302,8.933786355346728,9.110343397942513,4607736.0,47366976.0
2023-11-20,9.119171250072302,9.454629631004295,9.110343397942513,9.436973926744715,9669879.0,102233688.0
2023-11-21,9.401662518225558,9.428146074614926,9.13682695433188,9.207449771370195,8100320.0,84858416.0
2023-11-22,9.14565480646167,9.225105475629773,8.995581320255251,9.00440917238504,5381200.0,55286344.0
2023-11-23,9.013237024514831,9.110343397942513,8.942614207476517,9.092687693682935,4393320.0,45015000.0
2023-11-24,9.083859841553144,9.13682695433188,8.880819242567993,8.942614207476517,3886700.0,39416576.0
2023-11-27,8.986753468125462,9.066204137293566,8.880819242567993,8.995581320255251,3496852.0,35550848.0
2023-11-28,8.986753468125462,9.16331051072125,8.942614207476517,9.14565480646167,4109251.0,42405280.0
2023-11-29,9.14565480646167,9.198621919240406,9.048548433033988,9.075031989423355,3187371.0,32956502.0
2023-11-30,9.092687693682935,9.13682695433188,8.863163538308413,9.00440917238504,3537283.0,35981020.0
2023-12-01,8.995581320255251,9.039720580904198,8.880819242567993,8.986753468125462,3328000.0,33759696.0
2023-12-04,9.00440917238504,9.13682695433188,9.00440917238504,9.075031989423355,3964300.0,40783812.0
2023-12-05,9.075031989423355,9.075031989423355,8.836679981919046,8.836679981919046,3732000.0,37629420.0
2023-12-06,8.810196425529679,8.995581320255251,8.810196425529679,8.863163538308413,3016300.0,30411356.0
2023-12-07,8.854335686178624,8.942614207476517,8.827852129789257,8.889647094697782,3272100.0,32928520.0
2023-12-08,8.898474946827571,9.013237024514831,8.695434347842417,8.704262199972206,4427300.0,44298244.0
2023-12-11,8.66895079145305,8.924958503216939,8.57184441802537,8.924958503216939,5390157.0,53839476.0
2023-12-12,8.924958503216939,9.00440917238504,8.863163538308413,8.986753468125462,4095080.0,41556344.0
2023-12-13,9.039720580904198,9.242761179889353,8.951442059606306,9.083859841553144,6214176.0,64072420.0
2023-12-14,9.092687693682935,9.225105475629773,9.013237024514831,9.119171250072302,4732644.0,49040328.0
2023-12-15,9.127999102202091,9.14565480646167,9.00440917238504,9.039720580904198,3701000.0,37988680.0
2023-12-18,9.00440917238504,9.075031989423355,8.863163538308413,8.880819242567993,3651744.0,37054060.0
2023-12-19,8.933786355346728,9.172138362851038,8.845507834048835,9.172138362851038,6184480.0,63323332.0
2023-12-20,9.242761179889353,9.25158903201914,8.986753468125462,9.00440917238504,6221531.0,64239332.0
2023-12-21,8.969097763865884,9.14565480646167,8.713090052101995,9.13682695433188,6766900.0,68670312.0
2023-12-22,9.154482658591458,9.225105475629773,8.90730279895736,8.951442059606306,6791435.0,69733800.0
2023-12-25,8.933786355346728,9.066204137293566,8.863163538308413,9.03089272877441,4972520.0,50528084.0
2023-12-26,9.03089272877441,9.03089272877441,8.598327974414737,8.633639382933893,6935120.0,68353280.0
2023-12-27,8.633639382933893,8.78371286914031,8.492393748857264,8.77488501701052,3677626.0,36160092.0
2023-12-28,8.730745756361575,9.048548433033988,8.66012293932326,9.02206487664462,5135860.0,51863880.0
2023-12-29,9.00440917238504,9.25158903201914,8.942614207476517,9.242761179889353,6806580.0,70789272.0
2024-01-02,9.269244736278718,9.331039701187244,9.180966214980828,9.26041688414893,6254400.0,65551228.0
2024-01-03,9.26041688414893,9.26041688414893,9.066204137293566,9.180966214980828,4577300.0,47364460.0
2024-01-04,9.127999102202091,9.339867553317033,9.057376285163777,9.26041688414893,7169700.0,75044688.0
2024-01-05,9.313383996927666,9.3663511097064,9.039720580904198,9.092687693682935,6409544.0,66743536.0
2024-01-08,9.092687693682935,9.172138362851038,8.880819242567993,8.90730279895736,4055780.0,41365784.0
2024-01-09,8.924958503216939,9.798915864066075,8.898474946827571,9.798915864066075,14961320.0,163258480.0
2024-01-10,10.522799738708793,10.778807450472684,9.640014525729868,9.710637342768182,61991224.0,725520896.0
2024-01-11,9.436973926744715,10.152029949257646,9.436973926744715,10.063751427959753,45493696.0,508821664.0
2024-01-12,9.97547290666186,10.019612167310806,9.631186673600078,9.719465194897971,28442968.0,315234240.0
2024-01-15,9.72829304702776,10.09023498434912,9.569391708691555,9.675325934249026,19647520.0,216730512.0
2024-01-16,9.675325934249026,9.684153786378815,9.26041688414893,9.49876889165324,18744288.0,199362448.0
2024-01-17,9.419318222485137,9.472285335263873,8.977925615995673,8.995581320255251,16572709.0,172066928.0
2024-01-18,8.91613065108715,8.933786355346728,8.20990248070401,8.474738044597686,21845620.0,207698048.0
2024-01-19,8.43059878394874,8.730745756361575,8.368803819040215,8.43059878394874,14699136.0,142273216.0
2024-01-22,8.43059878394874,8.518877305246633,7.671403500786863,7.7243706135656,15001670.0,136782496.0
2024-01-23,7.680231352916652,7.8391326912528605,7.503674310320868,7.777337726344335,11376020.0,99439968.0
2024-01-24,7.8391326912528605,7.84796054338265,7.282978007076137,7.697887057176232,13297189.0,114257608.0
2024-01-25,7.697887057176232,7.9450669168103305,7.512502162450657,7.927411212550752,11220109.0,98986064.0
2024-01-26,7.883271951901806,8.015689733848644,7.856788395512439,7.865616247642228,7881760.0,70811192.0
2024-01-29,7.900927656161384,7.95389476894012,7.521330014580446,7.538985718840024,7080205.0,61757172.0
2024-01-30,7.503674310320868,7.547813570969815,7.159388077259086,7.168215929388875,7292120.0,60510272.0
2024-01-31,7.194699485778244,7.2211830421676115,6.638544801601521,6.691511914380256,9354376.0,73155560.0
2024-02-01,6.691511914380256,6.709167618639834,6.382537089837633,6.4972991675248934,7933040.0,58613320.0
2024-02-02,6.444332054746157,6.673856210120678,5.844038109920488,6.144185082333323,9263814.0,65706396.0
2024-02-05,6.073562265295008,6.117701525943954,5.5262354332480745,5.5262354332480745,10295900.0,65453680.0
2024-02-06,5.349678390652289,5.7645874407523845,4.970080749071351,5.543891137507654,16461540.0,98037992.0
2024-02-07,5.570374693897021,5.570374693897021,5.0407035661096655,5.120154235277768,17569864.0,105781920.0
2024-02-08,5.120154235277768,5.632169658805545,4.98773645333093,5.632169658805545,17881948.0,108057408.0
2024-02-19,5.844038109920488,6.197152195112058,5.7645874407523845,6.197152195112058,18603240.0,126116576.0
2024-02-20,6.267775012150372,6.700339766510045,6.029423004646063,6.409020646227,20497158.0,145964112.0
2024-02-21,6.258947160020583,6.585577688822785,6.17949649085248,6.409020646227,17558684.0,128002168.0
2024-02-22,6.417848498356789,6.868068956976042,6.409020646227,6.815101844197306,16930528.0,126690256.0
2024-02-23,6.753306879288782,7.1152488166101415,6.709167618639834,7.062281703831405,15720884.0,122789400.0
2024-02-26,7.3447729719846615,7.768509874214546,7.150560225129297,7.768509874214546,20978732.0,179154112.0
2024-02-27,7.812649134863491,8.174591072184851,7.441879345412343,7.927411212550752,29366772.0,256171888.0
2024-02-28,7.8214769869932805,7.883271951901806,7.13290452086972,7.13290452086972,25659584.0,219898832.0
2024-02-29,6.929863921884566,7.556641423099604,6.903380365495199,7.512502162450657,17595416.0,145683376.0
2024-03-01,7.512502162450657,7.706714909306021,7.477190753931501,7.636092092267707,15007097.0,129021184.0
2024-03-04,7.5919528316187606,8.404115227559371,7.380084380503818,8.404115227559371,30259676.0,274697888.0
2024-03-05,8.474738044597686,9.242761179889353,8.474738044597686,9.242761179889353,52065728.0,531442240.0
2024-03-06,9.357523257576611,9.357523257576611,8.598327974414737,8.739573608491364,55225304.0,552684224.0
2024-03-07,8.492393748857264,8.651295087193471,8.0510011423678,8.06865684662738,36991896.0,348568032.0
2024-03-08,7.971550473199698,8.377631671170004,7.909755508291174,8.262869593482744,22469014.0,207501200.0
2024-03-11,8.033345438108222,8.148107515795484,7.856788395512439,8.139279663665695,26909782.0,243016240.0
2024-03-12,8.112796107276326,8.20990248070401,8.006861881718855,8.112796107276326,17815920.0,163360960.0
2024-03-13,8.086312550886959,8.174591072184851,8.033345438108222,8.121623959406115,15276774.0,140375584.0
2024-03-14,8.112796107276326,8.19224677644443,7.768509874214546,7.9450669168103305,17368472.0,157182784.0
2024-03-15,7.865616247642228,8.156935367925273,7.865616247642228,8.156935367925273,16908840.0,154822272.0
2024-03-18,8.156935367925273,8.31583670626148,8.112796107276326,8.31583670626148,18829086.0,175488304.0
2024-03-19,8.298181002001902,8.386459523299793,8.20990248070401,8.324664558391268,15829512.0,148945424.0
2024-03-20,8.289353149872113,8.404115227559371,8.262869593482744,8.368803819040215,12812628.0,120962056.0
2024-03-21,8.368803819040215,8.960269911736095,8.262869593482744,8.739573608491364,33498852.0,325566048.0
2024-03-22,8.589500122284948,8.607155826544526,8.351148114780637,8.359975966910426,20441528.0,195509568.0
2024-03-25,8.289353149872113,8.342320262650846,7.9450669168103305,7.95389476894012,16269090.0,150291520.0
2024-03-26,7.936239064680541,8.06865684662738,7.768509874214546,7.971550473199698,11382627.0,102344248.0
2024-03-27,7.9450669168103305,7.95389476894012,7.538985718840024,7.538985718840024,10712460.0,93738944.0
2024-03-28,7.512502162450657,7.900927656161384,7.512502162450657,7.803821282733702,10469240.0,92109288.0
2024-03-29,7.794993430603913,7.936239064680541,7.768509874214546,7.936239064680541,7201314.0,64165596.0
2024-04-01,7.998034029589067,8.19224677644443,7.998034029589067,8.18341892431464,9833120.0,90479448.0
2024-04-02,8.156935367925273,8.19224677644443,7.989206177459278,8.07748469875717,6719676.0,61528816.0
2024-04-03,8.07748469875717,8.095140403016748,7.8214769869932805,7.865616247642228,6903000.0,61848080.0
2024-04-08,7.812649134863491,7.84796054338265,7.5919528316187606,7.60078068374855,6795401.0,59056072.0
2024-04-09,7.574297127359182,7.750854169954967,7.574297127359182,7.742026317825178,4688352.0,40829988.0
2024-04-10,7.794993430603913,7.856788395512439,7.424223641152765,7.4683629018017115,7706640.0,66295640.0
2024-04-11,7.441879345412343,7.609608535878339,7.335945119854872,7.512502162450657,5330740.0,45492184.0
2024-04-12,7.503674310320868,7.644919944397496,7.406567936893187,7.424223641152765,4620307.0,39435040.0
2024-04-15,7.424223641152765,7.494846458191079,6.876896809105831,7.044625999571827,9995557.0,80311792.0
2024-04-16,6.965175330403723,6.974003182533513,6.382537089837633,6.435504202616368,10913342.0,81331520.0
2024-04-17,6.559094132433417,7.079937408090983,6.559094132433417,7.079937408090983,6832340.0,53743448.0
2024-04-18,7.150560225129297,7.247666598556981,6.894552513365409,7.1152488166101415,12347260.0,99422584.0
2024-04-19,7.071109555961194,7.168215929388875,6.965175330403723,7.1152488166101415,6603860.0,52877516.0
2024-04-22,7.062281703831405,7.1152488166101415,6.788618287807939,6.921036069754777,6272100.0,49270104.0
2024-04-23,6.947519626144145,7.044625999571827,6.921036069754777,6.956347478273934,5043480.0,39815452.0
2024-04-24,6.982831034663302,7.185871633648455,6.956347478273934,7.177043781518666,6974434.0,56246484.0
2024-04-25,7.141732372999509,7.2211830421676115,7.0887652602207725,7.097593112350562,5283520.0,42791268.0
2024-04-26,7.106420964480352,7.327117267725083,7.106420964480352,7.309461563465504,6947601.0,57041696.0
2024-04-29,7.291805859205926,7.565469275229393,7.291805859205926,7.433051493282554,9302940.0,78471656.0
2024-04-30,7.424223641152765,7.48601860606129,7.265322302816559,7.371256528374029,6443660.0,53784036.0
2024-05-06,7.4595350496719215,7.5831249794889715,7.433051493282554,7.494846458191079,6730513.0,57078508.0
2024-05-07,7.494846458191079,7.636092092267707,7.433051493282554,7.618436388008129,6727514.0,57634300.0
2024-05-08,7.5831249794889715,7.5831249794889715,7.380084380503818,7.397740084763398,6075694.0,51372212.0
2024-05-09,7.380084380503818,7.530157866710235,7.371256528374029,7.503674310320868,4176080.0,35464844.0
2024-05-10,7.521330014580446,7.521330014580446,7.309461563465504,7.3447729719846615,4408560.0,36821164.0
2024-05-13,7.300633711335715,7.300633711335715,7.071109555961194,7.150560225129297,4254136.0,34568276.0
2024-05-14,7.168215929388875,7.282978007076137,7.159388077259086,7.247666598556981,3089188.0,25311582.0
2024-05-15,7.23883874642719,7.335945119854872,7.150560225129297,7.185871633648455,3441910.0,28206302.0
2024-05-16,7.23883874642719,7.327117267725083,7.194699485778244,7.230010894297401,3202070.0,26384884.0
2024-05-17,7.230010894297401,7.309461563465504,7.185871633648455,7.309461563465504,3478060.0,28595816.0
2024-05-20,7.327117267725083,7.388912232633607,7.282978007076137,7.380084380503818,4086420.0,34047336.0
2024-05-21,7.388912232633607,7.388912232633607,7.203527337908033,7.2211830421676115,3951300.0,32454430.0
2024-05-22,7.2211830421676115,7.300633711335715,7.185871633648455,7.247666598556981,2516600.0,20653704.0
2024-05-23,7.247666598556981,7.247666598556981,7.053453851701616,7.0887652602207725,3776700.0,30538900.0
2024-05-24,7.1152488166101415,7.177043781518666,7.035798147442037,7.044625999571827,2987144.0,24016228.0
2024-05-27,7.071109555961194,7.106420964480352,6.88572466123562,7.0887652602207725,4190560.0,33079364.0
2024-05-28,7.0887652602207725,7.141732372999509,6.991658886793091,7.00931459105267,3104900.0,24859204.0
2024-05-29,7.00931459105267,7.141732372999509,6.991658886793091,7.062281703831405,2563600.0,20550350.0
2024-05-30,7.062281703831405,7.13290452086972,6.991658886793091,7.0887652602207725,2631650.0,21119674.0
2024-05-31,7.062281703831405,7.274150154946348,7.062281703831405,7.230010894297401,4135900.0,33651776.0
2024-06-03,7.230010894297401,7.388912232633607,7.026970295312248,7.097593112350562,7584610.0,61942280.0
2024-06-04,7.079937408090983,7.0887652602207725,6.815101844197306,6.912208217624988,5029264.0,39305184.0
2024-06-05,6.912208217624988,6.912208217624988,6.717995470769624,6.717995470769624,3886600.0,29935696.0
2024-06-06,6.7356511750292025,6.779790435678149,6.356053533448264,6.382537089837633,5994920.0,43972052.0
2024-06-07,6.479643463265314,6.638544801601521,6.435504202616368,6.629716949471732,5076620.0,37797852.0
2024-06-11,6.629716949471732,6.673856210120678,6.409020646227,6.673856210120678,3588200.0,26697612.0
2024-06-12,6.665028357990889,6.832757548456884,6.629716949471732,6.788618287807939,3276100.0,25176790.0
2024-06-13,6.823929696327095,6.903380365495199,6.779790435678149,6.841585400586673,2988659.0,23157400.0
2024-06-14,6.841585400586673,6.859241104846252,6.753306879288782,6.859241104846252,1830600.0,14144830.0
2024-06-17,6.806273992067517,6.8504132527164625,6.717995470769624,6.744479027158992,2245960.0,17219190.0
2024-06-18,6.744479027158992,6.921036069754777,6.726823322899413,6.903380365495199,3438020.0,26703498.0
2024-06-19,6.947519626144145,6.956347478273934,6.868068956976042,6.894552513365409,2030300.0,15888228.0
2024-06-20,6.868068956976042,6.903380365495199,6.665028357990889,6.665028357990889,2914000.0,22318748.0
2024-06-21,6.665028357990889,6.691511914380256,6.53261057604405,6.603233393082364,2035560.0,15258208.0
2024-06-24,6.541438428173839,6.576749836692996,6.241291455761004,6.267775012150372,4838300.0,34791432.0
2024-06-25,6.65420924909132,6.861564211527593,6.65420924909132,6.767311955874741,3865000.0,27835684.0
2024-06-26,6.767311955874741,7.021793046137441,6.69191015135246,6.9935173694415855,4349260.0,31800370.0
2024-06-27,6.9935173694415855,7.106620076225007,6.880414662658164,6.880414662658164,2922700.0,21704576.0
2024-06-28,6.880414662658164,7.059493948398582,6.833288534831738,6.96524169274573,3262900.0,24163288.0
2024-07-01,6.96524169274573,7.00294259500687,6.805012858135882,6.96524169274573,3040240.0,22239452.0
2024-07-02,6.955816467180445,7.00294259500687,6.9086903393540195,6.936966016049875,2266100.0,16721241.0
2024-07-03,6.9181155649193045,6.94639124161516,6.776737181440027,6.776737181440027,2195800.0,15924501.0
2024-07-04,6.739036279178887,7.332825489791851,6.597657895699609,6.607083121264894,9214312.0,66847216.0
2024-07-05,6.541106542307898,6.65420924909132,6.399728158828621,6.625933572395465,5285412.0,36681156.0
2024-07-08,6.607083121264894,6.607083121264894,6.296050677610483,6.305475903175769,4650700.0,31481006.0
2024-07-09,6.324326354306339,6.465704737785617,6.182947970827062,6.456279512220331,4698800.0,31637478.0
2024-07-10,6.465704737785617,6.531681316742612,6.352602031002196,6.371452482132765,3217100.0,21939546.0
2024-07-11,6.493980414481472,6.814438083701168,6.493980414481472,6.748461504744172,6975500.0,49198056.0
2024-07-12,6.748461504744172,6.767311955874741,6.616508346830179,6.65420924909132,3116020.0,22065384.0
2024-07-15,6.63535879796075,6.644784023526035,6.428003835524477,6.456279512220331,2899120.0,19981354.0
2024-07-16,6.428003835524477,6.484555188916187,6.352602031002196,6.4374290610897615,2509800.0,17098884.0
2024-07-17,6.418578609959191,6.456279512220331,6.314901128741054,6.324326354306339,2676960.0,18067352.0
2024-07-18,6.305475903175769,6.38087770769805,6.1263966174353515,6.343176805436911,3009300.0,19951232.0
2024-07-19,6.314901128741054,6.5222560911773275,6.305475903175769,6.428003835524477,2936600.0,20040494.0
2024-07-22,6.456279512220331,6.503405640046758,6.399728158828621,6.475129963350902,2417557.0,16538481.0
2024-07-23,6.493980414481472,6.531681316742612,6.324326354306339,6.324326354306339,2483652.0,16917234.0
2024-07-24,6.296050677610483,6.3620272565674805,6.230074098653488,6.230074098653488,2483561.0,16541526.0
2024-07-25,6.2866254520451985,6.428003835524477,6.164097519696492,6.305475903175769,2972377.0,19844942.0
2024-07-26,6.324326354306339,6.493980414481472,6.277200226479914,6.484555188916187,4006208.0,27376418.0
2024-07-29,6.493980414481472,6.559956993438468,6.428003835524477,6.503405640046758,2460696.0,16961836.0
2024-07-30,6.484555188916187,6.550531767873183,6.418578609959191,6.456279512220331,2687202.0,18459988.0
2024-07-31,6.4468542866550465,6.6730597002218905,6.418578609959191,6.6730597002218905,4426698.0,30978316.0
2024-08-01,6.65420924909132,6.805012858135882,6.65420924909132,6.739036279178887,4243930.0,30274890.0
2024-08-02,6.69191015135246,6.748461504744172,6.550531767873183,6.569382219003753,3497330.0,24636862.0
2024-08-05,6.512830865612043,6.616508346830179,6.296050677610483,6.296050677610483,4216330.0,28807242.0
2024-08-06,6.38087770769805,6.465704737785617,6.352602031002196,6.465704737785617,2778700.0,18913920.0
2024-08-07,6.456279512220331,6.569382219003753,6.456279512220331,6.493980414481472,2674120.0,18449716.0
2024-08-08,6.4468542866550465,6.550531767873183,6.324326354306339,6.475129963350902,2956300.0,20170832.0
2024-08-09,6.493980414481472,6.541106542307898,6.4468542866550465,6.4468542866550465,2322800.0,15989723.0
2024-08-12,6.465704737785617,6.493980414481472,6.333751579871625,6.371452482132765,2271600.0,15400921.0
2024-08-13,6.371452482132765,6.418578609959191,6.2866254520451985,6.399728158828621,2324614.0,15679208.0
2024-08-14,6.418578609959191,6.456279512220331,6.333751579871625,6.333751579871625,2249400.0,15243155.0
2024-08-15,6.314901128741054,6.493980414481472,6.267775000914629,6.418578609959191,3350880.0,22750252.0
2024-08-16,6.409153384393906,6.531681316742612,6.399728158828621,6.465704737785617,3028300.0,20825864.0
2024-08-19,6.456279512220331,6.531681316742612,6.38087770769805,6.390302933263336,2527715.0,17287656.0
2024-08-20,6.390302933263336,6.428003835524477,6.230074098653488,6.239499324218773,3362700.0,22413656.0
2024-08-21,6.230074098653488,6.305475903175769,6.182947970827062,6.248924549784058,2087960.0,13838279.0
2024-08-22,6.239499324218773,6.2866254520451985,6.098120940739496,6.098120940739496,2608400.0,17098868.0
2024-08-23,6.088695715174211,6.1263966174353515,5.947317331694933,6.0321443617825,2334712.0,14955566.0
2024-08-26,6.0509948129130695,6.220648873088202,6.0321443617825,6.164097519696492,3095940.0,20211250.0
2024-08-27,6.164097519696492,6.239499324218773,5.994443459521359,6.013293910651929,3386900.0,21845170.0
2024-08-28,6.003868685086644,6.154672294131207,5.947317331694933,6.098120940739496,2533900.0,16318629.0
2024-08-29,6.098120940739496,6.314901128741054,6.041569587347785,6.2866254520451985,3304812.0,21838008.0
2024-08-30,6.314901128741054,6.531681316742612,6.277200226479914,6.456279512220331,5008600.0,34216288.0
2024-09-02,6.4374290610897615,6.503405640046758,6.371452482132765,6.38087770769805,2933600.0,20064660.0
2024-09-03,6.371452482132765,6.475129963350902,6.333751579871625,6.456279512220331,2442852.0,16675933.0
2024-09-04,6.371452482132765,6.484555188916187,6.3620272565674805,6.428003835524477,1755100.0,11990004.0
2024-09-05,6.4374290610897615,6.465704737785617,6.352602031002196,6.390302933263336,2449180.0,16635961.0
2024-09-06,6.4374290610897615,6.4374290610897615,6.154672294131207,6.173522745261777,3134040.0,20838298.0
2024-09-09,6.1263966174353515,6.230074098653488,6.079270489608926,6.192373196392348,2516307.0,16477964.0
2024-09-10,6.239499324218773,6.305475903175769,6.1169713918700666,6.2866254520451985,2602300.0,17125672.0
2024-09-11,6.296050677610483,6.314901128741054,6.192373196392348,6.248924549784058,2100000.0,13920562.0
2024-09-12,6.248924549784058,6.333751579871625,6.2112236475229174,6.220648873088202,1846160.0,12295222.0
2024-09-13,6.220648873088202,6.239499324218773,6.0321443617825,6.0321443617825,2512900.0,16319446.0
2024-09-18,6.041569587347785,6.088695715174211,5.815364173780941,5.947317331694933,3096907.0,19446774.0
2024-09-19,5.985018233956073,6.164097519696492,5.937892106129648,6.1169713918700666,3243660.0,20901020.0
2024-09-20,6.1263966174353515,6.352602031002196,6.079270489608926,6.145247068565921,6303200.0,41432924.0
2024-09-23,6.154672294131207,6.2112236475229174,6.088695715174211,6.154672294131207,4229300.0,27613794.0
2024-09-24,6.164097519696492,6.428003835524477,6.145247068565921,6.418578609959191,6130680.0,40970500.0
2024-09-25,6.456279512220331,6.616508346830179,6.4374290610897615,6.456279512220331,6165500.0,42702424.0
2024-09-26,6.428003835524477,6.7578867303094565,6.409153384393906,6.6824849257871755,7337068.0,51491412.0
2024-09-27,6.748461504744172,7.068919173963867,6.720185828048316,6.9181155649193045,11000640.0,80115792.0
2024-09-30,7.210297557443145,7.587306580054551,7.021793046137441,7.559030903358694,15303627.0,119274480.0
2024-10-08,8.294198497450937,8.294198497450937,7.4742038732711285,7.898339023708961,21044166.0,176223936.0
2024-10-09,7.775811091360254,7.775811091360254,7.191447106312574,7.191447106312574,13493884.0,106619504.0
2024-10-10,7.285699361965426,7.427077745444703,7.125470527355577,7.247998459704285,7945090.0,61525156.0
2024-10-11,7.21972278300843,7.247998459704285,6.8427137603970225,6.936966016049875,7830709.0,58178896.0
2024-10-14,6.94639124161516,7.097194850659722,6.833288534831738,7.0783443995291515,5664046.0,42026492.0
2024-10-15,7.059493948398582,7.163171429616718,6.927540790484589,6.936966016049875,6249220.0,46670360.0
2024-10-16,6.861564211527593,7.00294259500687,6.805012858135882,6.9086903393540195,4806500.0,35295944.0
2024-10-17,6.974666918311016,7.031218271702726,6.852138985962307,6.852138985962307,5236016.0,38590620.0
2024-10-18,6.823863309266453,7.1537462040514335,6.823863309266453,7.031218271702726,7079665.0,52686980.0
2024-10-21,7.068919173963867,7.2385732341389994,7.012367820572156,7.200872331877859,7839272.0,59486324.0
2024-10-22,7.200872331877859,7.3139750386612805,7.134895752920863,7.285699361965426,5885856.0,45172476.0
2024-10-23,7.295124587530711,7.342250715357136,7.191447106312574,7.247998459704285,6394000.0,49324252.0
2024-10-24,7.191447106312574,7.247998459704285,7.1443209784861486,7.200872331877859,3612780.0,27556154.0
2024-10-25,7.200872331877859,7.323400264226565,7.182021880747289,7.285699361965426,6236480.0,48118968.0
2024-10-28,7.2291480085737145,7.417652519879418,7.191447106312574,7.417652519879418,9832409.0,76093184.0
2024-10-29,7.445928196575274,7.4647786477058435,7.2291480085737145,7.266848910834855,9620013.0,74688952.0
2024-10-30,7.27627413640014,7.332825489791851,7.163171429616718,7.2385732341389994,6731340.0,51694268.0
2024-10-31,7.21972278300843,7.304549813095996,7.200872331877859,7.266848910834855,6931328.0,53356572.0
2024-11-01,7.191447106312574,7.247998459704285,6.927540790484589,6.936966016049875,8366044.0,62409536.0
2024-11-04,6.96524169274573,7.247998459704285,6.94639124161516,7.2291480085737145,6411307.0,48794312.0
2024-11-05,7.25742368526957,7.332825489791851,7.191447106312574,7.332825489791851,8011632.0,61904252.0
2024-11-06,7.342250715357136,7.4647786477058435,7.266848910834855,7.445928196575274,10082120.0,79193432.0
2024-11-07,7.427077745444703,7.615582256750406,7.370526392052992,7.596731805619836,11769020.0,93900768.0
2024-11-08,7.615582256750406,7.7004092868379725,7.4742038732711285,7.521330001097555,8757652.0,70379312.0
2024-11-11,7.521330001097555,7.690984061272688,7.502479549966984,7.681558835707403,8553317.0,69129768.0
2024-11-12,7.7098345124032575,7.775811091360254,7.568456128923979,7.625007482315691,9937388.0,80980408.0
2024-11-13,7.625007482315691,7.662708384576832,7.408227294314132,7.615582256750406,6347012.0,50804672.0
2024-11-14,7.615582256750406,7.6344327078809755,7.351675940922421,7.370526392052992,5278740.0,41819892.0
2024-11-15,7.351675940922421,7.4647786477058435,7.21972278300843,7.2291480085737145,5801504.0,45258356.0
2024-11-18,7.2291480085737145,7.332825489791851,6.974666918311016,7.021793046137441,7407192.0,55732096.0
2024-11-19,7.050068722833297,7.27627413640014,7.031218271702726,7.27627413640014,7051456.0,53591864.0
2024-11-20,7.27627413640014,7.53075522666284,7.247998459704285,7.502479549966984,6446772.0,50888512.0
2024-11-21,7.493054324401699,7.606157031185121,7.427077745444703,7.596731805619836,7381936.0,58978056.0
2024-11-22,7.540180452228125,8.360175076407932,7.521330001097555,8.360175076407932,54044928.0,474102624.0
2024-11-25,8.360175076407932,9.199020151718312,8.313048948581507,9.199020151718312,77326784.0,721572544.0
2024-11-26,9.425225565285157,9.425225565285157,8.275348046320365,8.275348046320365,52934384.0,482215808.0
2024-11-27,7.832362444751965,8.661782294497058,7.832362444751965,8.42615165536493,38446400.0,338697344.0
2024-11-28,8.331899399712077,8.81258590354162,8.181095790667515,8.671207520062342,42230648.0,382305056.0
2024-11-29,8.46385255762607,9.538328272068577,8.275348046320365,9.538328272068577,56615176.0,531565568.0
2024-12-02,9.679706655547854,10.49027605416238,9.236721053979453,9.63258052772143,72633296.0,749374912.0
2024-12-03,9.274421956240593,9.698557106678425,8.953964287020899,9.330973309632304,50406640.0,495819840.0
2024-12-04,9.236721053979453,9.839935490157702,9.04821654267375,9.604304851025573,46089532.0,464202528.0
2024-12-05,9.330973309632304,9.510052595372722,9.180169700587742,9.35924898632816,30394524.0,301059552.0
2024-12-06,9.368674211893444,9.425225565285157,8.906838159194471,8.916263384759759,31880312.0,305577088.0
2024-12-09,8.906838159194471,9.811659813461848,8.71833364788877,9.811659813461848,30337178.0,303695936.0
2024-12-10,10.301771542856676,10.791883272251503,9.821085039027132,9.887061617984129,73194408.0,799370304.0
2024-12-11,9.896486843549413,10.264070640595536,9.74568323450485,10.179243610507969,43829348.0,466778816.0
2024-12-12,9.905912069114699,10.527976956423519,9.849360715722987,10.452575151901238,45488804.0,493736448.0
2024-12-13,10.31119676842196,10.31119676842196,9.76453368563542,9.887061617984129,29708948.0,318237120.0
2024-12-16,9.94361297137584,9.990739099202266,9.274421956240593,9.425225565285157,26557964.0,268321712.0
2024-12-17,9.255571505110023,9.349823760762874,8.652357068931773,8.71833364788877,22228708.0,210140608.0
2024-12-18,8.73718409901934,8.803160677976335,8.42615165536493,8.605230941105347,15647120.0,143220368.0
2024-12-19,8.48270300875664,8.765459775715195,8.42615165536493,8.690057971192914,13742041.0,126328088.0
2024-12-20,8.690057971192914,9.001090414847324,8.624081392235919,8.906838159194471,15129243.0,142387312.0
2024-12-23,8.840861580237476,8.897412933629187,8.105693986145234,8.275348046320365,17966104.0,161201664.0
2024-12-24,8.209371467363372,8.40730120423436,8.077418309449378,8.322474174146793,11003874.0,96188280.0
2024-12-25,8.313048948581507,8.313048948581507,7.738110189099114,7.907764249274246,13823400.0,115945248.0
2024-12-26,7.898339023708961,8.209371467363372,7.813511993621393,8.124544437275803,11252100.0,96832880.0
2024-12-27,8.199946241798084,8.265922820755081,8.105693986145234,8.15282011397166,7671860.0,66795912.0
2024-12-30,8.11511921171052,8.15282011397166,7.86063812144782,8.049142632753522,6411220.0,54667716.0
2024-12-31,8.086843535014664,8.181095790667515,7.7852363169255385,7.813511993621393,8101860.0,68372672.0
2025-01-02,7.7852363169255385,7.983166053796528,7.625007482315691,7.719259737968542,8259680.0,68373648.0
2025-01-03,7.728684963533827,7.7852363169255385,7.25742368526957,7.266848910834855,9562940.0,75447192.0
2025-01-06,7.210297557443145,7.361101166487706,6.880414662658164,7.323400264226565,7920600.0,60456428.0
2025-01-07,7.304549813095996,7.587306580054551,7.285699361965426,7.587306580054551,7584300.0,59844760.0
2025-01-08,7.540180452228125,7.606157031185121,7.25742368526957,7.559030903358694,9313034.0,73721864.0
2025-01-09,7.53075522666284,7.813511993621393,7.4742038732711285,7.719259737968542,8528680.0,69774376.0
2025-01-10,7.719259737968542,8.09626876057995,7.606157031185121,7.653283159011545,17006158.0,140982832.0
2025-01-13,7.455353422140559,7.84178767031725,7.304549813095996,7.7004092868379725,10547642.0,85291976.0
2025-01-14,7.719259737968542,8.133969662841091,7.719259737968542,8.11511921171052,15045720.0,127844472.0
2025-01-15,8.11511921171052,8.162245339536945,7.936039925970101,7.964315602665956,8104060.0,69040712.0
2025-01-16,7.992591279361813,8.086843535014664,7.813511993621393,7.907764249274246,7099590.0,59989532.0
2025-01-17,7.832362444751965,8.002016504927097,7.82293721918668,7.888913798143674,5201130.0,43581540.0
2025-01-20,7.917189474839531,8.030292181622952,7.82293721918668,7.983166053796528,7232030.0,60865544.0
2025-01-21,8.011441730492383,8.058567858318808,7.794661542490823,7.973740828231243,6744642.0,56607304.0
2025-01-22,7.898339023708961,7.983166053796528,7.775811091360254,7.86063812144782,5112208.0,42709228.0
2025-01-23,7.954890377100671,8.09626876057995,7.84178767031725,7.8700633470131045,8020400.0,67980656.0
2025-01-24,7.82293721918668,8.058567858318808,7.756960640229684,7.992591279361813,7166108.0,60077140.0
2025-01-27,8.002016504927097,8.058567858318808,7.728684963533827,7.738110189099114,6705460.0,55893420.0
2025-02-05,7.804086768056108,7.964315602665956,7.804086768056108,7.898339023708961,5923288.0,49567756.0
2025-02-06,7.8700633470131045,8.17167056510223,7.832362444751965,8.162245339536945,9139304.0,78503520.0
2025-02-07,8.199946241798084,8.331899399712077,8.105693986145234,8.237647144059226,11062760.0,96801552.0
2025-02-10,8.237647144059226,8.595805715540061,8.162245339536945,8.558104813278922,21617170.0,193051376.0
2025-02-11,8.576955264409492,8.624081392235919,8.40730120423436,8.46385255762607,12662139.0,114153104.0
2025-02-12,8.48270300875664,8.510978685452494,8.379025527538504,8.473277783191355,9871028.0,88476832.0
2025-02-13,8.48270300875664,8.510978685452494,8.265922820755081,8.275348046320365,9221500.0,81679616.0
2025-02-14,8.237647144059226,8.360175076407932,8.199946241798084,8.247072369624512,6497600.0,57019980.0
2025-02-17,8.237647144059226,8.83143635467219,8.228221918493942,8.642931843366489,22133696.0,200840848.0
2025-02-18,8.595805715540061,8.633506617801203,8.313048948581507,8.36960030197322,12847300.0,115463328.0
2025-02-19,8.38845075310379,8.624081392235919,8.379025527538504,8.567530038844206,12460784.0,112724264.0
2025-02-20,8.539254362148352,8.746609324584623,8.454427332060785,8.73718409901934,18213180.0,167522320.0
2025-02-21,8.727758873454054,8.850286805802762,8.586380489974776,8.73718409901934,13657460.0,126050296.0
2025-02-24,8.71833364788877,8.71833364788877,8.52040391101778,8.595805715540061,10674865.0,97351856.0
2025-02-25,8.454427332060785,8.690057971192914,8.416726429799644,8.558104813278922,8510780.0,77620264.0
2025-02-26,8.567530038844206,8.6994831967582,8.567530038844206,8.661782294497058,10414516.0,95596976.0
2025-02-27,8.661782294497058,8.671207520062342,8.38845075310379,8.567530038844206,9046772.0,81940536.0
2025-02-28,8.50155345988721,8.548679587713636,8.020866956057667,8.049142632753522,10504509.0,91790120.0
2025-03-03,8.067993083884094,8.209371467363372,7.9454651515353865,8.011441730492383,6902748.0,59284516.0
2025-03-04,7.9454651515353865,8.294198497450937,7.936039925970101,8.275348046320365,8607660.0,74987152.0
2025-03-05,8.218796692928656,8.36960030197322,8.162245339536945,8.360175076407932,7000860.0,61477684.0
2025-03-06,8.379025527538504,8.52040391101778,8.36960030197322,8.445002106495501,6934100.0,62231716.0
2025-03-07,8.445002106495501,8.510978685452494,8.303623723016223,8.36960030197322,6721100.0,60036232.0
2025-03-10,8.46385255762607,8.46385255762607,8.341324625277363,8.416726429799644,4456560.0,39737976.0
2025-03-11,8.341324625277363,8.529829136583066,8.247072369624512,8.48270300875664,7045220.0,62926568.0
2025-03-12,8.529829136583066,8.727758873454054,8.454427332060785,8.595805715540061,9755860.0,89197456.0
2025-03-13,8.576955264409492,8.576955264409492,8.209371467363372,8.350749850842648,8985227.0,79646576.0
2025-03-14,8.350749850842648,8.445002106495501,8.17167056510223,8.40730120423436,8042680.0,71045040.0
2025-03-17,8.40730120423436,8.624081392235919,8.313048948581507,8.586380489974776,10042540.0,90590328.0
2025-03-18,8.586380489974776,8.6994831967582,8.529829136583066,8.652357068931773,10313100.0,94499224.0
2025-03-19,8.624081392235919,8.972814738151468,8.567530038844206,8.887987708063902,24119848.0,225770560.0
2025-03-20,8.887987708063902,9.095342670500175,8.79373545241105,8.840861580237476,15838680.0,149580160.0
2025-03-21,8.784310226845765,8.887987708063902,8.567530038844206,8.595805715540061,11326660.0,104016728.0
2025-03-24,8.595805715540061,8.595805715540061,7.9454651515353865,8.1905210162328,12537060.0,109608848.0
2025-03-25,8.1905210162328,8.313048948581507,8.030292181622952,8.181095790667515,6449172.0,55904192.0
2025-03-26,8.162245339536945,8.897412933629187,8.11511921171052,8.576955264409492,19273644.0,175364992.0
2025-03-27,8.492128234321925,8.558104813278922,8.294198497450937,8.36960030197322,9407192.0,83807816.0
2025-03-28,8.331899399712077,8.850286805802762,8.247072369624512,8.492128234321925,12221967.0,109861904.0
2025-03-31,8.38845075310379,8.40730120423436,7.8700633470131045,8.105693986145234,12974000.0,111006112.0
2025-04-01,8.1905210162328,8.652357068931773,8.162245339536945,8.247072369624512,9991556.0,88161304.0
2025-04-02,8.228221918493942,8.379025527538504,8.086843535014664,8.265922820755081,7088698.0,62092680.0
2025-04-03,8.1905210162328,8.294198497450937,7.917189474839531,7.992591279361813,8639372.0,73879304.0
2025-04-07,7.3988020687488465,7.436502971009988,7.191447106312574,7.191447106312574,6689440.0,51306736.0
2025-04-08,7.068919173963867,7.191447106312574,6.512830865612043,6.710760602483031,14750659.0,105250072.0
2025-04-09,6.597657895699609,6.899265113788735,6.098120940739496,6.880414662658164,10679332.0,74536352.0
2025-04-10,6.974666918311016,7.172596655182004,6.955816467180445,6.974666918311016,7670520.0,57511132.0
2025-04-11,6.974666918311016,7.210297557443145,6.955816467180445,7.125470527355577,6456159.0,48693836.0
2025-04-14,7.25742368526957,7.455353422140559,7.191447106312574,7.295124587530711,5463832.0,42347560.0
2025-04-15,7.304549813095996,7.379951617618277,7.200872331877859,7.295124587530711,3756100.0,28975454.0
2025-04-16,7.295124587530711,7.295124587530711,6.984092143876301,7.1443209784861486,4643672.0,35096256.0
2025-04-17,7.097194850659722,7.3139750386612805,7.068919173963867,7.21972278300843,4995032.0,38381724.0
2025-04-18,7.247998459704285,7.304549813095996,7.134895752920863,7.247998459704285,3916200.0,30004374.0
2025-04-21,7.2385732341389994,7.436502971009988,7.163171429616718,7.408227294314132,4257060.0,33202542.0
2025-04-22,7.408227294314132,7.4647786477058435,7.3139750386612805,7.417652519879418,4100192.0,32085862.0
2025-04-23,7.436502971009988,7.568456128923979,7.417652519879418,7.493054324401699,4784580.0,38035628.0
2025-04-24,7.502479549966984,7.502479549966984,7.3139750386612805,7.361101166487706,5384500.0,42271688.0
2025-04-25,7.361101166487706,7.455353422140559,7.332825489791851,7.370526392052992,3103800.0,24367556.0
2025-04-28,7.304549813095996,7.3988020687488465,7.200872331877859,7.21972278300843,3888420.0,29962752.0
2025-04-29,7.191447106312574,7.493054324401699,7.163171429616718,7.379951617618277,5437400.0,42768340.0
2025-04-30,7.3988020687488465,7.577881354489264,7.379951617618277,7.511904775532269,3607210.0,28760226.0
2025-05-06,7.568456128923979,7.82293721918668,7.568456128923979,7.804086768056108,5386430.0,44135184.0
2025-05-07,7.898339023708961,8.011441730492383,7.775811091360254,7.898339023708961,9824360.0,82358008.0
2025-05-08,7.8700633470131045,8.011441730492383,7.832362444751965,7.964315602665956,5800340.0,48977092.0
2025-05-09,8.020866956057667,8.020866956057667,7.84178767031725,7.898339023708961,4068800.0,34187312.0
2025-05-12,7.992591279361813,8.002016504927097,7.879488572578389,7.926614700404816,3874000.0,32616710.0
2025-05-13,7.926614700404816,7.992591279361813,7.832362444751965,7.851212895882535,4313080.0,36075516.0
2025-05-14,7.832362444751965,7.954890377100671,7.813511993621393,7.926614700404816,4827480.0,40401304.0
2025-05-15,7.9454651515353865,8.002016504927097,7.84178767031725,7.86063812144782,4153780.0,34821580.0
2025-05-16,7.888913798143674,7.973740828231243,7.86063812144782,7.973740828231243,4748800.0,39949180.0
2025-05-19,7.907764249274246,8.011441730492383,7.794661542490823,7.954890377100671,4909620.0,41180748.0
2025-05-20,7.973740828231243,8.181095790667515,7.8700633470131045,8.143394888406375,6637320.0,56923740.0
2025-05-21,8.133969662841091,8.199946241798084,8.067993083884094,8.1905210162328,5501029.0,47414412.0
2025-05-22,8.1905210162328,8.199946241798084,7.954890377100671,7.973740828231243,5164836.0,44077184.0
2025-05-23,7.926614700404816,8.105693986145234,7.82293721918668,7.832362444751965,6378204.0,53829828.0
2025-05-26,7.851212895882535,8.039717407188236,7.82293721918668,8.039717407188236,5665920.0,47965068.0
2025-05-27,8.058567858318808,8.105693986145234,7.973740828231243,8.067993083884094,4014860.0,34280260.0
2025-05-28,8.067993083884094,8.143394888406375,8.002016504927097,8.020866956057667,3754260.0,32141266.0
2025-05-29,8.020866956057667,8.15282011397166,7.992591279361813,8.105693986145234,4174900.0,35860376.0
2025-05-30,8.09626876057995,8.105693986145234,7.851212895882535,7.888913798143674,4875300.0,41040748.0
2025-06-03,7.926614700404816,8.030292181622952,7.8700633470131045,7.992591279361813,4049020.0,34298200.0
2025-06-04,7.983166053796528,8.039717407188236,7.983166053796528,8.011441730492383,2825900.0,24000572.0
2025-06-05,8.039717407188236,8.086843535014664,7.926614700404816,8.058567858318808,3892071.0,33186606.0
2025-06-06,8.058567858318808,8.086843535014664,7.992591279361813,8.067993083884094,2825542.0,24102618.0
2025-06-09,8.077418309449378,8.275348046320365,8.077418309449378,8.17167056510223,4359239.0,37829736.0
2025-06-10,8.15282011397166,8.379025527538504,8.011441730492383,8.275348046320365,11395480.0,99357608.0
2025-06-11,8.228221918493942,8.294198497450937,8.162245339536945,8.1905210162328,6073672.0,53048516.0
2025-06-12,8.218796692928656,8.218796692928656,8.09626876057995,8.17167056510223,3880212.0,33522204.0
2025-06-13,8.162245339536945,8.17167056510223,8.002016504927097,8.020866956057667,4816444.0,41274800.0
2025-06-16,8.039717407188236,8.124544437275803,7.992591279361813,8.077418309449378,2818020.0,24130248.0
2025-06-17,8.058567858318808,8.105693986145234,8.011441730492383,8.067993083884094,3298460.0,28160548.0
2025-06-18,8.067993083884094,8.17167056510223,8.002016504927097,8.11511921171052,4905878.0,42167040.0
2025-06-19,8.11511921171052,8.1905210162328,7.964315602665956,7.992591279361813,5515900.0,47300040.0
2025-06-20,7.992591279361813,8.067993083884094,7.8700633470131045,7.898339023708961,3644516.0,30681470.0
2025-06-23,7.832362444751965,8.09626876057995,7.82293721918668,8.09626876057995,4613580.0,39177104.0
2025-06-24,8.105693986145234,8.284773271885651,8.09626876057995,8.284773271885651,6528291.0,57066452.0
2025-06-25,8.284773271885651,8.322474174146793,8.237647144059226,8.294198497450937,5508715.0,48352348.0
2025-06-26,8.294198497450937,8.341324625277363,8.1905210162328,8.228221918493942,5907942.0,51702936.0
2025-06-27,8.228221918493942,8.294198497450937,8.143394888406375,8.237647144059226,6778623.0,59063296.0
2025-06-30,8.247072369624512,8.284773271885651,8.209371467363372,8.247072369624512,4977343.0,43555124.0
2025-07-01,8.247072369624512,8.275348046320365,8.086843535014664,8.11511921171052,7979790.0,69242712.0
2025-07-02,8.124544437275803,8.133969662841091,7.775811091360254,7.86063812144782,13550081.0,113329336.0
2025-07-03,7.86063812144782,8.09626876057995,7.82293721918668,8.039717407188236,10096105.0,85387624.0
2025-07-04,8.011441730492383,8.011441730492383,7.794661542490823,7.82293721918668,7906265.0,65920832.0
2025-07-07,7.7852363169255385,7.86063812144782,7.756960640229684,7.851212895882535,3980563.0,33019788.0
2025-07-08,7.86063812144782,8.086843535014664,7.813511993621393,7.9454651515353865,6948722.0,58580256.0
2025-07-09,7.936039925970101,8.020866956057667,7.898339023708961,7.917189474839531,4468210.0,37720992.0
2025-07-10,7.926614700404816,8.030292181622952,7.851212895882535,7.964315602665956,5663221.0,47725456.0
2025-07-11,7.992591279361813,7.992591279361813,7.851212895882535,7.954890377100671,4526410.0,38046912.0
2025-07-14,7.964315602665956,8.002016504927097,7.926614700404816,8.002016504927097,4883018.0,41319984.0
2025-07-15,7.992591279361813,7.992591279361813,7.7852363169255385,7.879488572578389,5017165.0,41895460.0
2025-07-16,7.888913798143674,8.020866956057667,7.82293721918668,7.983166053796528,5192041.0,43873076.0
2025-07-17,7.983166053796528,8.020866956057667,7.936039925970101,8.020866956057667,3994164.0,33884336.0
2025-07-18,8.030292181622952,8.067993083884094,7.954890377100671,8.020866956057667,4281227.0,36393480.0
2025-07-21,8.077418309449378,8.1905210162328,8.030292181622952,8.181095790667515,6121610.0,52856736.0
2025-07-22,8.1905210162328,8.228221918493942,8.058567858318808,8.11511921171052,5416065.0,46645364.0
2025-07-23,8.288807854137447,8.317755960729311,8.201963534361852,8.211612903225806,4963058.0,42504928.0
2025-07-24,8.201963534361852,8.327405329593269,8.182664796633942,8.298457223001401,4685160.0,40266048.0
2025-07-25,8.298457223001401,8.366002805049089,8.230911640953716,8.356353436185133,4559434.0,39227852.0
2025-07-28,8.366002805049089,8.443197755960728,8.356353436185133,8.414249649368864,6022295.0,52471480.0
2025-07-29,8.414249649368864,8.433548387096774,8.288807854137447,8.375652173913043,4773563.0,41265776.0
2025-07-30,8.394950911640953,8.394950911640953,8.230911640953716,8.327405329593269,5372426.0,46177160.0
2025-07-31,8.298457223001401,8.385301542776999,8.201963534361852,8.230911640953716,4780515.0,41053540.0
2025-08-01,8.250210378681627,8.394950911640953,8.211612903225806,8.375652173913043,7195919.0,62213564.0
2025-08-04,8.394950911640953,8.491444600280506,8.308106591865357,8.491444600280506,6756485.0,59030116.0
2025-08-05,8.50109396914446,8.568639551192147,8.491444600280506,8.55899018232819,6037743.0,53424660.0
2025-08-06,8.55899018232819,8.655483870967743,8.491444600280506,8.626535764375875,6223848.0,55456232.0
2025-08-07,8.665133239831697,8.674782608695653,8.530042075736326,8.597587657784011,7249284.0,64438156.0
2025-08-08,8.578288920056101,8.674782608695653,8.530042075736326,8.645834502103787,5210305.0,46424996.0
2025-08-11,8.645834502103787,8.694081346423562,8.616886395511921,8.665133239831697,5339981.0,47888460.0
2025-08-12,8.665133239831697,8.684431977559607,8.55899018232819,8.587938288920057,5018717.0,44722756.0
2025-08-13,8.636185133239831,8.636185133239831,8.53969144460028,8.568639551192147,4137713.0,36757044.0
2025-08-14,8.587938288920057,8.607237026647965,8.327405329593269,8.366002805049089,7000074.0,61192704.0
2025-08-15,8.346704067321179,8.510743338008416,8.327405329593269,8.481795231416548,5859180.0,51419824.0
2025-08-18,8.50109396914446,8.636185133239831,8.50109396914446,8.55899018232819,6558317.0,58266648.0
2025-08-19,8.549340813464235,8.713380084151472,8.481795231416548,8.703730715287517,8082342.0,72113752.0
2025-08-20,8.655483870967743,8.703730715287517,8.568639551192147,8.694081346423562,6316105.0,56656028.0
2025-08-21,8.713380084151472,8.723029453015426,8.587938288920057,8.636185133239831,6168496.0,55319188.0
2025-08-22,8.645834502103787,8.674782608695653,8.491444600280506,8.568639551192147,6615183.0,58666892.0
2025-08-25,8.616886395511921,8.665133239831697,8.50109396914446,8.53969144460028,9273216.0,82396528.0
2025-08-26,8.53969144460028,9.321290322580644,8.472145862552594,8.896718092566621,29414420.0,271161248.0
2025-08-27,8.906367461430575,9.03180925666199,8.723029453015426,8.751977559607294,25838408.0,238557392.0
2025-08-28,8.732678821879384,8.867769985974753,8.375652173913043,8.742328190743338,18687696.0,167351392.0
2025-08-29,8.751977559607294,8.809873772791024,8.578288920056101,8.607237026647965,10876420.0,97802992.0
2025-09-01,8.626535764375875,8.771276297335204,8.549340813464235,8.645834502103787,8819819.0,79107912.0
2025-09-02,8.684431977559607,8.684431977559607,8.385301542776999,8.578288920056101,9826706.0,86749784.0
2025-09-03,8.597587657784011,8.665133239831697,8.240561009817672,8.269509116409537,8601920.0,75117416.0
2025-09-04,8.394950911640953,8.510743338008416,8.250210378681627,8.414249649368864,9741429.0,85072552.0
2025-09-05,8.414249649368864,8.723029453015426,8.317755960729311,8.723029453015426,9627169.0,85517792.0
2025-09-08,8.713380084151472,8.83882187938289,8.674782608695653,8.829172510518934,8349277.0,76070816.0
2025-09-09,8.829172510518934,8.87741935483871,8.703730715287517,8.809873772791024,7019654.0,63871244.0
2025-09-10,8.771276297335204,8.81952314165498,8.703730715287517,8.742328190743338,5310573.0,48158688.0
2025-09-11,8.742328190743338,8.87741935483871,8.55899018232819,8.867769985974753,9315798.0,84412648.0
2025-09-12,8.829172510518934,8.867769985974753,8.684431977559607,8.742328190743338,6192538.0,56236260.0
2025-09-15,8.713380084151472,8.780925666199158,8.626535764375875,8.674782608695653,4501180.0,40452996.0
2025-09-16,8.684431977559607,8.829172510518934,8.655483870967743,8.829172510518934,6916119.0,62778420.0
2025-09-17,8.83882187938289,8.964263674614305,8.790575035063112,8.91601683029453,8505322.0,78385544.0
2025-09-18,8.93531556802244,8.964263674614305,8.674782608695653,8.780925666199158,9849682.0,90410024.0
2025-09-19,8.732678821879384,8.761626928471248,8.481795231416548,8.578288920056101,7741260.0,68890704.0
2025-09-22,8.587938288920057,8.636185133239831,8.491444600280506,8.636185133239831,4424204.0,39368472.0
2025-09-23,8.587938288920057,8.626535764375875,8.173015427769986,8.443197755960728,8381555.0,72550952.0
2025-09-24,8.433548387096774,8.55899018232819,8.327405329593269,8.510743338008416,5035399.0,44272456.0
2025-09-25,8.491444600280506,8.636185133239831,8.385301542776999,8.414249649368864,5415890.0,47805784.0
2025-09-26,8.394950911640953,8.481795231416548,8.259859747545581,8.317755960729311,4555942.0,39516852.0
2025-09-29,8.317755960729311,8.452847124824684,8.153716690042074,8.394950911640953,5179800.0,44775380.0
2025-09-30,8.433548387096774,8.443197755960728,8.250210378681627,8.250210378681627,4146801.0,35724612.0
2025-10-09,8.250210378681627,8.317755960729311,8.192314165497896,8.230911640953716,5617741.0,48041528.0
2025-10-10,8.259859747545581,8.366002805049089,8.173015427769986,8.308106591865357,5038387.0,43279752.0
2025-10-13,8.00897615708275,8.327405329593269,7.815988779803646,8.259859747545581,5480963.0,46243348.0
2025-10-14,8.259859747545581,8.366002805049089,8.173015427769986,8.221262272089762,4944720.0,42327540.0
2025-10-15,8.173015427769986,8.443197755960728,8.163366058906032,8.423899018232818,5486828.0,47289596.0
2025-10-16,8.414249649368864,8.414249649368864,8.221262272089762,8.259859747545581,4111520.0,35355344.0
2025-10-17,8.250210378681627,8.259859747545581,8.028274894810659,8.037924263674615,4206484.0,35408060.0
2025-10-20,8.057223001402525,8.221262272089762,8.057223001402525,8.201963534361852,5508838.0,46398328.0
2025-10-21,8.259859747545581,8.414249649368864,8.221262272089762,8.414249649368864,5109744.0,44208180.0
2025-10-22,8.366002805049089,8.481795231416548,8.337054698457223,8.443197755960728,4612400.0,40308684.0
2025-10-23,8.385301542776999,8.578288920056101,8.337054698457223,8.549340813464235,5087516.0,44576472.0
2025-10-24,8.52039270687237,8.645834502103787,8.472145862552594,8.578288920056101,3937493.0,34967492.0
2025-10-27,8.636185133239831,8.636185133239831,8.50109396914446,8.55899018232819,5104309.0,45296532.0
2025-10-28,8.52039270687237,8.549340813464235,8.385301542776999,8.423899018232818,6485880.0,56771112.0
2025-10-29,8.40460028050491,8.433548387096774,8.173015427769986,8.308106591865357,7779902.0,66497332.0
2025-10-30,8.279158485273491,8.385301542776999,8.182664796633942,8.192314165497896,5720240.0,49015764.0
2025-10-31,8.182664796633942,8.356353436185133,8.163366058906032,8.298457223001401,5276600.0,45438852.0
2025-11-03,8.337054698457223,8.394950911640953,8.298457223001401,8.375652173913043,3739636.0,32404530.0
2025-11-04,8.366002805049089,8.414249649368864,8.317755960729311,8.394950911640953,4049489.0,35157052.0
2025-11-05,8.356353436185133,8.53969144460028,8.288807854137447,8.510743338008416,6810151.0,59793284.0
2025-11-06,8.510743338008416,8.597587657784011,8.423899018232818,8.587938288920057,4794792.0,42435260.0
2025-11-07,8.549340813464235,8.607237026647965,8.50109396914446,8.578288920056101,3992442.0,35475840.0
2025-11-10,8.578288920056101,8.607237026647965,8.491444600280506,8.52039270687237,4511384.0,39949040.0
2025-11-11,8.491444600280506,8.655483870967743,8.491444600280506,8.616886395511921,5676562.0,50578052.0
2025-11-12,8.626535764375875,8.626535764375875,8.481795231416548,8.530042075736326,4001921.0,35415224.0
2025-11-13,8.53969144460028,8.636185133239831,8.472145862552594,8.616886395511921,4279859.0,37973356.0
2025-11-14,8.587938288920057,8.723029453015426,8.549340813464235,8.626535764375875,5797390.0,51983812.0
2025-11-17,8.626535764375875,8.713380084151472,8.55899018232819,8.703730715287517,6176335.0,55373624.0
2025-11-18,8.732678821879384,9.572173913043478,8.607237026647965,9.572173913043478,11916534.0,116585088.0
2025-11-19,10.527461430575034,10.527461430575034,10.527461430575034,10.527461430575034,10390722.0,113362776.0
2025-11-20,10.884488078541374,11.579242636746143,9.494978962131837,11.579242636746143,106974672.0,1147870208.0
2025-11-21,10.421318373071529,10.51781206171108,10.421318373071529,10.421318373071529,13222600.0,142836080.0
2025-11-24,9.70726507713885,10.430967741935484,9.379186535764376,10.02569424964937,65058564.0,659959616.0
2025-11-25,10.257279102384292,11.0292286115007,9.832706872370265,10.12218793828892,93203896.0,1005698176.0
2025-11-26,9.716914446002805,9.794109396914447,9.109004207573632,9.118653576437588,68146656.0,657380224.0
2025-11-27,8.87741935483871,9.109004207573632,8.732678821879384,8.983562412342216,37578048.0,345630304.0
2025-11-28,8.87741935483871,8.983562412342216,8.771276297335204,8.97391304347826,24553902.0,225870672.0
2025-12-01,8.97391304347826,9.166900420757363,8.887068723702665,9.099354838709678,26971152.0,253294112.0
2025-12-02,9.03180925666199,9.427433380084151,8.93531556802244,9.263394109396915,32333184.0,306235328.0
2025-12-03,9.166900420757363,9.234446002805049,8.954614305750349,8.983562412342216,23960070.0,225090768.0
2025-12-04,9.022159887798036,9.060757363253858,8.790575035063112,8.790575035063112,20406792.0,188539904.0
2025-12-05,8.83882187938289,9.186199158485273,8.578288920056101,9.176549789621317,31538588.0,292581952.0
2025-12-08,9.128302945301543,9.427433380084151,9.128302945301543,9.301991584852734,28554220.0,274935552.0
2025-12-09,9.321290322580644,9.437082748948106,9.244095371669005,9.273043478260869,21155810.0,204309360.0
2025-12-10,9.234446002805049,9.35023842917251,9.166900420757363,9.3309396914446,18465082.0,177315248.0
2025-12-11,9.359887798036464,9.379186535764376,8.93531556802244,8.93531556802244,19150904.0,180418784.0
2025-12-12,9.01251051893408,9.832706872370265,8.896718092566621,9.456381486676017,48054128.0,472245056.0
2025-12-15,9.446732117812061,9.620420757363254,9.263394109396915,9.3309396914446,26531160.0,258077616.0
2025-12-16,9.263394109396915,9.29234221598878,8.99321178120617,9.109004207573632,18962060.0,178395984.0
2025-12-17,9.041458625525946,9.552875175315569,8.742328190743338,9.01251051893408,26741312.0,250420624.0
2025-12-18,8.8581206171108,9.089705469845722,8.829172510518934,8.906367461430575,16234969.0,150973120.0
2025-12-19,8.944964936886395,9.157251051893407,8.944964936886395,9.041458625525946,14599400.0,136886384.0
2025-12-22,9.089705469845722,9.128302945301543,8.8581206171108,8.896718092566621,15484367.0,143890640.0
2025-12-23,8.887068723702665,8.925666199158485,8.732678821879384,8.751977559607294,12738474.0,116137512.0
2025-12-24,8.751977559607294,9.215147265077139,8.713380084151472,9.01251051893408,16745179.0,155958048.0
2025-12-25,8.97391304347826,9.147601683029453,8.925666199158485,9.118653576437588,14718600.0,138120592.0
2025-12-26,9.089705469845722,9.099354838709678,8.906367461430575,8.964263674614305,12130760.0,113061912.0
2025-12-29,8.954614305750349,9.041458625525946,8.81952314165498,8.93531556802244,10358880.0,95670144.0
2025-12-30,8.896718092566621,9.118653576437588,8.829172510518934,8.97391304347826,14899281.0,139233056.0
2025-12-31,8.99321178120617,9.01251051893408,8.742328190743338,8.8581206171108,11537000.0,105610112.0
2026-01-05,8.8581206171108,9.01251051893408,8.780925666199158,8.97391304347826,12019097.0,111401720.0
2026-01-06,8.954614305750349,9.041458625525946,8.91601683029453,9.022159887798036,11314025.0,105315096.0
2026-01-07,8.925666199158485,8.925666199158485,8.732678821879384,8.761626928471248,21017128.0,191448304.0
2026-01-08,8.780925666199158,9.340589060308554,8.780925666199158,9.109004207573632,30615108.0,288320448.0
2026-01-09,9.041458625525946,9.147601683029453,8.964263674614305,9.128302945301543,18906452.0,177736560.0
2026-01-12,9.215147265077139,9.301991584852734,9.099354838709678,9.301991584852734,19153280.0,182960432.0
2026-01-13,9.301991584852734,9.340589060308554,9.099354838709678,9.147601683029453,14889247.0,141784736.0
2026-01-14,9.176549789621317,9.591472650771388,9.166900420757363,9.562524544179523,39877168.0,391114016.0
2026-01-15,9.456381486676017,9.697615708274895,9.301991584852734,9.398485273492286,26462372.0,259192032.0
2026-01-16,9.417784011220196,9.485329593267881,9.195848527349227,9.234446002805049,15205940.0,146072576.0
2026-01-19,9.224796633941095,9.417784011220196,9.195848527349227,9.3309396914446,12289088.0,118589456.0
2026-01-20,9.3309396914446,9.35023842917251,9.099354838709678,9.166900420757363,12213657.0,116278872.0
2026-01-21,9.118653576437588,9.224796633941095,8.964263674614305,9.215147265077139,10551046.0,99545448.0
2026-01-22,9.224796633941095,9.408134642356242,9.176549789621317,9.379186535764376,13564844.0,130684408.0
2026-01-23,9.369537166900422,9.466030855539973,9.321290322580644,9.456381486676017,13784020.0,134323920.0
2026-01-26,9.446732117812061,9.475680224403927,9.195848527349227,9.3309396914446,12243020.0,118260432.0
2026-01-27,9.273043478260869,9.340589060308554,8.906367461430575,9.282692847124824,11587234.0,109650816.0
2026-01-28,9.29234221598878,9.29234221598878,8.97391304347826,9.01251051893408,10259684.0,96488912.0
2026-01-29,8.983562412342216,9.128302945301543,8.87741935483871,8.944964936886395,7748733.0,72329880.0
2026-01-30,8.944964936886395,9.051107994389902,8.87741935483871,9.051107994389902,7445900.0,69250864.0
2026-02-02,8.97391304347826,9.118653576437588,8.896718092566621,8.91601683029453,7157663.0,66979264.0
2026-02-03,8.944964936886395,9.099354838709678,8.93531556802244,9.080056100981768,5951811.0,55769908.0
2026-02-04,9.070406732117812,9.253744740532959,9.03180925666199,9.147601683029453,7830900.0,74247832.0
2026-02-05,9.080056100981768,9.166900420757363,8.944964936886395,8.954614305750349,6388200.0,59837512.0
2026-02-06,8.99321178120617,9.147601683029453,8.906367461430575,9.089705469845722,7122205.0,67000972.0
2026-02-09,9.137952314165497,9.301991584852734,9.118653576437588,9.282692847124824,9193079.0,88015680.0
2026-02-10,9.321290322580644,9.340589060308554,9.234446002805049,9.253744740532959,6475180.0,62295732.0
2026-02-11,9.244095371669005,9.31164095371669,9.186199158485273,9.234446002805049,5504900.0,52842072.0
2026-02-12,9.253744740532959,9.282692847124824,9.109004207573632,9.176549789621317,6199303.0,59182724.0
2026-02-13,9.195848527349227,9.263394109396915,9.147601683029453,9.195848527349227,5678308.0,54211096.0
2026-02-24,9.263394109396915,9.359887798036464,9.224796633941095,9.340589060308554,6574521.0,63519180.0
2026-02-25,9.35023842917251,9.379186535764376,9.234446002805049,9.263394109396915,8410820.0,81169632.0
2026-02-26,9.282692847124824,9.456381486676017,9.263394109396915,9.408134642356242,11358706.0,110138816.0
2026-02-27,9.359887798036464,9.437082748948106,9.29234221598878,9.437082748948106,9131525.0,88567152.0
2026-03-02,9.35023842917251,9.408134642356242,8.97391304347826,9.01251051893408,15252400.0,143958480.0
2026-03-03,9.041458625525946,9.147601683029453,8.674782608695653,8.684431977559607,11998940.0,110564672.0
2026-03-04,8.607237026647965,9.552875175315569,8.52039270687237,9.552875175315569,31894504.0,306883808.0
2026-03-05,10.508162692847126,10.508162692847126,10.23798036465638,10.508162692847126,36749916.0,399596736.0
2026-03-06,10.411669004207573,11.193267882187937,10.209032258064516,10.51781206171108,102725712.0,1135905664.0
2026-03-09,9.861654978962132,10.807293127629732,9.861654978962132,10.566058906030854,67742240.0,736571200.0
2026-03-10,10.411669004207573,10.614305750350631,10.315175315568021,10.469565217391304,41074316.0,444209248.0
2026-03-11,10.363422159887797,10.546760168302944,10.151136044880785,10.266928471248248,43523000.0,464526016.0
2026-03-12,10.18008415147265,10.21868162692847,9.890603085553996,9.987096774193548,29586000.0,307230272.0
2026-03-13,9.900252454417952,9.900252454417952,9.29234221598878,9.35023842917251,33124960.0,327674272.0
2026-03-16,9.29234221598878,9.929200561009816,9.282692847124824,9.581823281907432,28184916.0,281810912.0
2026-03-17,9.697615708274895,9.74586255259467,8.964263674614305,8.99321178120617,25192440.0,241011856.0
2026-03-18,8.99321178120617,9.379186535764376,8.983562412342216,9.3309396914446,18858920.0,179572096.0
2026-03-19,9.263394109396915,9.282692847124824,8.91601683029453,9.002861150070126,15591404.0,146989296.0
2026-03-20,9.070406732117812,9.109004207573632,8.597587657784011,8.597587657784011,18705948.0,169719648.0
2026-03-23,8.346704067321179,8.433548387096774,7.893183730715287,7.970378681626928,18989964.0,160659520.0
2026-03-24,8.182664796633942,8.433548387096774,7.980028050490883,8.423899018232818,18047668.0,154250912.0
2026-03-25,8.394950911640953,8.549340813464235,8.356353436185133,8.52039270687237,11271787.0,99266680.0
2026-03-26,8.53969144460028,8.568639551192147,8.259859747545581,8.356353436185133,10710714.0,92823728.0
2026-03-27,8.279158485273491,8.443197755960728,8.201963534361852,8.423899018232818,8758000.0,75938232.0
2026-03-30,8.394950911640953,8.472145862552594,8.298457223001401,8.443197755960728,7508444.0,65450412.0
2026-03-31,8.443197755960728,8.530042075736326,8.250210378681627,8.269509116409537,8457300.0,73485728.0
2026-04-01,8.433548387096774,8.433548387096774,8.259859747545581,8.385301542776999,8371946.0,72321840.0
2026-04-02,8.356353436185133,8.433548387096774,8.12476858345021,8.192314165497896,8126640.0,69584480.0
2026-04-03,8.192314165497896,8.230911640953716,7.902833099579242,7.912482468443197,7708824.0,63875328.0
2026-04-07,7.980028050490883,8.423899018232818,7.883534361851332,8.240561009817672,13536912.0,115381832.0
2026-04-08,8.375652173913043,8.53969144460028,8.356353436185133,8.52039270687237,9875776.0,86543672.0
2026-04-09,8.481795231416548,8.616886395511921,8.423899018232818,8.549340813464235,8800600.0,77710280.0
2026-04-10,8.55899018232819,8.723029453015426,8.549340813464235,8.636185133239831,7727100.0,69340304.0
2026-04-13,8.674782608695653,8.674782608695653,8.530042075736326,8.665133239831697,5492500.0,48978420.0
2026-04-14,8.732678821879384,8.761626928471248,8.578288920056101,8.655483870967743,5103300.0,45690440.0
2026-04-15,8.665133239831697,8.751977559607294,8.510743338008416,8.530042075736326,6468300.0,57696568.0
2026-04-16,8.616886395511921,8.761626928471248,8.510743338008416,8.713380084151472,7146260.0,64080720.0
2026-04-17,8.732678821879384,8.742328190743338,8.607237026647965,8.674782608695653,6010635.0,54082716.0
2026-04-20,8.665133239831697,8.742328190743338,8.597587657784011,8.703730715287517,5868826.0,52856036.0
2026-04-21,8.723029453015426,8.732678821879384,8.587938288920057,8.674782608695653,6010429.0,53823540.0
2026-04-22,8.607237026647965,8.665133239831697,8.55899018232819,8.626535764375875,4921400.0,43969792.0
2026-04-23,8.587938288920057,8.616886395511921,8.443197755960728,8.462496493688638,6920186.0,60996004.0
2026-04-24,8.394950911640953,8.52039270687237,8.327405329593269,8.443197755960728,6965607.0,60840056.0
2026-04-27,8.443197755960728,8.694081346423562,8.375652173913043,8.684431977559607,9913612.0,87751432.0
2026-04-28,8.665133239831697,8.723029453015426,8.52039270687237,8.578288920056101,7504100.0,66851408.0
2026-04-29,8.568639551192147,8.780925666199158,8.53969144460028,8.742328190743338,7727260.0,69823400.0
2026-04-30,8.751977559607294,8.81952314165498,8.713380084151472,8.809873772791024,5631759.0,51244680.0
2026-05-06,8.81952314165498,8.887068723702665,8.771276297335204,8.829172510518934,8274260.0,75725824.0
2026-05-07,8.829172510518934,8.954614305750349,8.809873772791024,8.87741935483871,7925420.0,73076624.0
2026-05-08,8.87741935483871,8.93531556802244,8.790575035063112,8.925666199158485,6690080.0,61501548.0
2026-05-11,8.925666199158485,8.983562412342216,8.809873772791024,8.896718092566621,8001900.0,73638840.0
2026-05-12,8.906367461430575,8.91601683029453,8.703730715287517,8.723029453015426,6268796.0,57060220.0
2026-05-13,8.81952314165498,8.896718092566621,8.684431977559607,8.83882187938289,6625900.0,60557884.0
2026-05-14,8.83882187938289,8.867769985974753,8.713380084151472,8.713380084151472,6171981.0,56161904.0
2026-05-15,8.713380084151472,8.944964936886395,8.684431977559607,8.771276297335204,8593936.0,78327056.0
2026-05-18,8.684431977559607,8.896718092566621,8.665133239831697,8.848471248246844,9109212.0,82707904.0
2026-05-19,8.848471248246844,8.964263674614305,8.829172510518934,8.964263674614305,7567042.0,69854280.0
2026-05-20,8.87741935483871,8.954614305750349,8.761626928471248,8.91601683029453,7846160.0,72056928.0
2026-05-21,8.91601683029453,9.166900420757363,8.597587657784011,8.607237026647965,14494506.0,133863296.0
2026-05-22,8.616886395511921,8.81952314165498,8.375652173913043,8.742328190743338,11094800.0,98958488.0
2026-05-25,8.742328190743338,8.790575035063112,8.423899018232818,8.530042075736326,9178621.0,81528160.0
2026-05-26,8.491444600280506,8.491444600280506,8.1054698457223,8.221262272089762,9063214.0,77508816.0
2026-05-27,8.221262272089762,8.259859747545581,7.864235624123422,7.912482468443197,9581157.0,79318032.0
2026-05-28,7.912482468443197,8.201963534361852,7.74844319775596,8.028274894810659,8183400.0,67855336.0
2026-05-29,8.00897615708275,8.047573632538569,7.584403927068724,7.642300140252454,8797255.0,70974328.0
2026-06-01,7.623001402524545,8.173015427769986,7.623001402524545,7.9607293127629735,11048406.0,91293096.0
2026-06-02,7.970378681626928,8.028274894810659,7.651949509116409,7.777391304347827,8154600.0,65559280.0
2026-06-03,7.777391304347827,7.844936886395512,7.632650771388499,7.700196353436185,6902096.0,55314648.0
2026-06-04,7.6615988779803645,7.719495091164095,7.497559607293127,7.574754558204768,5532300.0,43551364.0
2026-06-05,7.584403927068724,8.337054698457223,7.439663394109397,8.337054698457223,17064858.0,140619232.0
2026-06-08,8.192314165497896,8.337054698457223,7.9607293127629735,7.989677419354837,25611576.0,215335744.0
2026-06-09,8.115119214586255,8.192314165497896,7.8256381486676005,7.9414305750350636,15209005.0,125598184.0
2026-06-10,8.095820476858345,8.173015427769986,7.574754558204768,7.690546984572229,14050089.0,113054224.0
2026-06-11,7.623001402524545,7.777391304347827,7.323870967741935,7.719495091164095,14705093.0,115420704.0
2026-06-12,7.767741935483872,7.854586255259467,7.5265077138849925,7.565105189340813,12456842.0,99173256.0
2026-06-15,7.574754558204768,7.74844319775596,7.555455820476858,7.6615988779803645,8554658.0,67828296.0
2026-06-16,7.642300140252454,7.6808976157082745,7.430014025245442,7.6615988779803645,7726723.0,60572692.0
2026-06-17,7.613352033660589,7.632650771388499,7.410715287517531,7.420364656381487,7264720.0,56243204.0
2026-06-18,7.401065918653576,7.401065918653576,7.198429172510519,7.246676016830294,7602187.0,57287316.0
2026-06-22,7.179130434782609,7.304572230014025,7.024740532959327,7.27562412342216,8444519.0,62721984.0
2026-06-23,7.208078541374474,7.613352033660589,7.188779803646564,7.391416549789621,8781680.0,67781448.0
2026-06-24,7.410715287517531,7.410715287517531,7.015091164095371,7.0729873772791025,7203900.0,53187140.0
2026-06-25,7.063338008415148,7.0826367461430575,6.88,6.899298737727911,5742501.0,41306544.0
2026-06-26,6.889649368863955,6.899298737727911,6.706311360448808,6.812454417952313,5582400.0,39331196.0
2026-06-29,6.754558204768584,6.8028050490883585,6.48437587657784,6.773856942496493,6295603.0,43489360.0
2026-06-30,6.773856942496493,6.88,6.677363253856942,6.7931556802244035,5443900.0,38306228.0
2026-07-01,6.773856942496493,6.966844319775595,6.754558204768584,6.9282468443197756,6042080.0,43115140.0
2026-07-02,6.899298737727911,7.101935483870968,6.841402524544179,6.908948106591866,6002500.0,43562736.0
2026-07-03,6.95719495091164,7.246676016830294,6.908948106591866,7.169481065918653,7549960.0,55646056.0
2026-07-06,7.2177279102384295,7.2177279102384295,6.966844319775595,7.024740532959327,5397660.0,39445088.0
2026-07-07,7.044039270687237,7.0826367461430575,6.812454417952313,6.822103786816269,4989042.0,35726012.0
2026-07-08,6.831753155680224,6.851051893408134,6.658064516129032,6.754558204768584,4460500.0,31198588.0
2026-07-09,6.754558204768584,6.8028050490883585,6.571220196353436,6.754558204768584,4841000.0,33540448.0
2026-07-10,6.754558204768584,7.024740532959327,6.687012622720897,6.870350631136045,5246025.0,37482576.0
2026-07-13,6.86070126227209,6.870350631136045,6.542272089761571,6.571220196353436,5864448.0,40423628.0
2026-07-14,6.4940252454417955,6.696661991584853,6.455427769985975,6.677363253856942,5162960.0,35322708.0
2026-07-15,6.6484151472650765,6.995792426367461,6.6484151472650765,6.889649368863955,6961700.0,49486760.0
2026-07-16,6.841402524544179,6.995792426367461,6.783506311360449,6.88,4571200.0,32761088.0
2026-07-17,7.15,7.22,6.82,6.89,5654600.0,39541364.0
2026-07-20,6.92,7.1,6.62,6.76,8002496.0,54714532.0
2026-07-21,6.68,6.78,6.35,6.64,9431882.0,61912672.0
2026-07-22,6.63,6.69,6.46,6.5,5722777.0,37446392.0
2026-07-23,6.49,6.74,6.46,6.71,6377700.0,42262580.0
2026-07-24,6.66,6.75,6.54,6.59,3865362.0,25568726.0
2026-07-27,6.64,6.77,6.57,6.77,4820100.0,32375304.0
2026-07-28,6.77,6.88,6.7,6.79,3685200.0,25102060.0
2026-07-29,6.8,6.94,6.78,6.89,4103220.0,28195422.0
2026-07-30,6.9,6.98,6.77,6.84,5436020.0,37395560.0
2026-07-31,6.88,7.02,6.85,7.0,5349720.0,37298004.0
2026-08-03,7.04,7.22,7.0,7.2,4176444.0,29797414.0
2026-08-04,7.22,7.25,7.15,7.2,4687888.0,33719952.0
2026-08-05,7.22,7.25,7.12,7.19,5162450.0,37074624.0
2026-08-06,7.15,7.25,7.1,7.23,5284740.0,37974228.0
2026-08-07,7.23,7.24,7.06,7.19,5577760.0,39820420.0
2026-08-10,7.18,7.35,7.13,7.33,6220560.0,45345812.0
2026-08-11,7.31,7.4,7.24,7.35,4039325.0,29570852.0
2026-08-12,7.34,7.44,7.33,7.42,3508060.0,25938588.0
2026-08-13,7.42,7.46,7.31,7.31,3800800.0,28027840.0
2026-08-14,7.3,7.37,7.25,7.32,3718923.0,27156392.0
2026-08-17,7.36,7.44,7.26,7.42,3255300.0,24006876.0
2026-08-18,7.42,7.44,7.32,7.4,2617900.0,19296038.0
2026-08-19,7.39,7.39,7.17,7.18,5179200.0,37419184.0
2026-08-20,7.2,7.39,7.15,7.35,4345000.0,31867824.0
2026-08-21,7.35,7.36,7.2,7.33,2879653.0,20990966.0
2026-08-24,7.32,7.39,7.21,7.31,3510600.0,25591092.0
2026-08-25,7.28,7.56,7.24,7.53,5721073.0,42655340.0
2026-08-26,7.48,7.6,7.42,7.53,3952199.0,29653386.0
2026-08-27,7.44,7.51,7.27,7.34,6804700.0,49996072.0
2026-08-28,7.32,7.45,7.27,7.42,5178311.0,38221920.0
2026-08-31,7.34,7.53,7.34,7.51,4522031.0,33798912.0
2026-09-01,7.5,7.59,7.46,7.53,4266659.0,32168832.0
2026-09-02,7.54,7.62,7.43,7.6,4120900.0,31065592.0
2026-09-03,7.6,7.68,7.48,7.58,4703600.0,35530960.0
2026-09-04,7.56,7.74,7.47,7.6,7077892.0,53754412.0
